community	medium	key1	key2	data
comm_17_750	complete	mip	ni	3mb,4abz,acald,ala_B,asn__L,bz,chols,cit,dxyl,fru,glu__D,glyald,ile__L,lys__L,met__L,nh4,nmn,no2,no3,o2,orn,so4,thm,thr__L,thym,tre,xyl__D
comm_17_750	complete	mip	i	acald,chols,cit,dxyl,fru,glu__D,glyald,met__L,nmn,no2,o2,so4,thm,thr__L,tre
comm_17_750	complete	mro	community	acald,cellb,chols,cit,dxyl,fru,glu__D,met__L,nmn,no2,no3,o2,so4,thm,thr__L
comm_17_750	complete	mro	Arenimonas_oryziterrae_DSM_21050_YC6267	arg__L,chols,cit,lys__L,nmn,o2,pnto__R
comm_17_750	complete	mro	Azohydromonas_australica_DSM_1124	acald,nh4,o2,so4
comm_17_750	complete	mro	Dactylosporangium_aurantiacum_NRRL_B_8018	acald,glu__D,nh4,o2,so4
comm_17_750	complete	mro	Edaphobacter_aggregans_DSM_19364	glc__D,nh4,o2,so4
comm_17_750	complete	mro	Flavobacterium_succinicans_LMG_10402	cit,no2,o2,so4
comm_17_750	complete	mro	Geobacter_bemidjiensis_Bem	cgly,o2,so4
comm_17_750	complete	mro	Hyalangium_minutum_DSM_14724	cit,ile__L,leu__L,o2,so4,thr__L
comm_17_750	complete	mro	Lacunisphaera_limnophila_IG16b	4abz,cit,glyc,no3,o2,so4,thm,thym
comm_17_750	complete	mro	Massilia_timonae_NEU	ala__L,o2,pnto__R,so4
comm_17_750	complete	mro	Methylibium_petroleiphilum_PM1	etoh,h2s,nh4,o2,so4
comm_17_750	complete	mro	Micromonospora_rosaria_DSM_803	asp__L,chols,glyc3p,met__L,o2
comm_17_750	complete	mro	Niabella_soli_DSM_19437_JS13_8_DSM_19437	asn__L,chols,cit,man1p,o2,thm
comm_17_750	complete	mro	Pseudorhodoplanes_sinuspersici_RIPI110	cit,nh4,o2,so4
comm_17_750	complete	mro	Reyranella_massiliensis_521	dxyl,glyc3p,nh4,o2,so4
comm_17_750	complete	mro	Rugamonas_rubra_ATCC_43154	o2,ptrc,so4
comm_17_750	complete	mro	Solirubrobacter_soli_DSM_22325	h2s,man1p,nh4,o2,so4
comm_17_750	complete	mro	Steroidobacter_denitrificans_DSM_18526	glyc3p,h2s,lys__L,o2,so4,thm
comm_17_751	complete	mip	ni	3mb,4abz,ala_B,arg__L,asn__L,bz,cellb,cit,dha,dxyl,fe3dcit,fru,gln__L,glu__D,ile__L,lys__L,nmn,no3,o2,so4,thm,thr__L,thym,tre,ura
comm_17_751	complete	mip	i	3mb,cit,dxyl,fe3dcit,fru,gln__L,glu__D,ile__L,nmn,no3,o2,so4,thm,thym,tre
comm_17_751	complete	mro	community	3mb,cit,dxyl,fe3dcit,gln__L,glu__D,glyald,ile__L,lcts,nmn,no3,o2,so4,thm,thym
comm_17_751	complete	mro	Aquincola_tertiaricarbonis_MIMtkpLc11	glyc,nh4,nmn,o2,so4
comm_17_751	complete	mro	Arenimonas_oryziterrae_DSM_21050_YC6267	cit,lys__L,nmn,o2,orn,pnto__R,so4
comm_17_751	complete	mro	Azohydromonas_australica_DSM_1124	acald,nh4,o2,so4
comm_17_751	complete	mro	Dactylosporangium_aurantiacum_NRRL_B_8018	glu__D,glyc3p,nh4,o2,so4
comm_17_751	complete	mro	Geobacter_bemidjiensis_Bem	glyc,nh4,o2,so4
comm_17_751	complete	mro	Hyalangium_minutum_DSM_14724	3mb,cit,ile__L,o2,so4,thr__L
comm_17_751	complete	mro	Jatrophihabitans_endophyticus_DSM_45627	gln__L,glyc3p,o2,so4,ura
comm_17_751	complete	mro	Lacunisphaera_limnophila_IG16b	4abz,cit,glyc,nh4,o2,so4,thm,thym
comm_17_751	complete	mro	Massilia_timonae_NEU	g3pe,glyc,nh4,o2,pnto__R,so4
comm_17_751	complete	mro	Methylibium_petroleiphilum_PM1	acald,nh4,o2,so4
comm_17_751	complete	mro	Pelobacter_propionicus_DSM_2379	acald,nh4,o2,so4
comm_17_751	complete	mro	Pseudonocardia_acaciae_DSM_45401	glyald,no3,so4
comm_17_751	complete	mro	Pseudonocardia_oroxyli_CGMCC_4_3143	glyald,no2,o2,so4
comm_17_751	complete	mro	Reyranella_massiliensis_521	dxyl,glyc3p,nh4,o2,so4
comm_17_751	complete	mro	Rhizobacter_gummiphilus_NS21	acald,nh4,o2,so4
comm_17_751	complete	mro	Rhizobium_leguminosarum_OV483	asn__L,fe3dcit,o2,so4
comm_17_751	complete	mro	Xylophilus_ampelinus_CCH5_B3	arg__L,asn__L,o2,so4,ura
comm_17_752	complete	mip	ni	4abz,adn,akg,ala_B,arg__L,asn__L,bz,chols,cit,dxyl,fru,gln__L,lys__L,nmn,no3,o2,so4,thm,thym,tre,ura
comm_17_752	complete	mip	i	chols,dxyl,fru,gln__L,nmn,no3,o2,so4,thm,tre,ura
comm_17_752	complete	mro	community	chols,csn,cynt,dxyl,gln__L,glyald,nmn,no3,o2,so4,thm,tre
comm_17_752	complete	mro	Aquincola_tertiaricarbonis_MIMtkpLc11	cynt,glyc,nmn,o2,so4
comm_17_752	complete	mro	Arthrobacter_enclensis_NIO_1008	asn__L,cit,so4
comm_17_752	complete	mro	Azohydromonas_australica_DSM_1124	acald,nh4,o2,so4
comm_17_752	complete	mro	Bradyrhizobium_erythrophlei_GAS401	cit,nmn,no2,so4
comm_17_752	complete	mro	Bradyrhizobium_neotropicale_BR_10247	dxyl,glyc3p,nh4,so4,thym
comm_17_752	complete	mro	Jatrophihabitans_endophyticus_DSM_45627	dha,gln__L,o2,so4,ura
comm_17_752	complete	mro	Lacunisphaera_limnophila_IG16b	4abz,cit,glyc,nh4,o2,so4,thm,thymd
comm_17_752	complete	mro	Massilia_timonae_NEU	ala__D,o2,pnto__R,so4
comm_17_752	complete	mro	Niabella_ginsenosidivorans_BS26	adn,asn__L,glc__D,his__L,o2,so4,thm
comm_17_752	complete	mro	Niabella_soli_DSM_19437_JS13_8_DSM_19437	asn__L,chols,cit,glc__D,o2,thm
comm_17_752	complete	mro	Parafilimonas_terrae_DSM_28286	cit,glyald,h2s,nh4,o2,so4,thm
comm_17_752	complete	mro	Phenylobacterium_immobile_ATCC_35973_strain_E	acald,cit,nh4,o2,so4
comm_17_752	complete	mro	Pseudomonas_fluorescens_F113	h2s,o2,ptrc,so4
comm_17_752	complete	mro	Rugamonas_rubra_ATCC_43154	glyclt,nh4,o2,so4
comm_17_752	complete	mro	Steroidobacter_denitrificans_DSM_18526	glyc3p,lys__L,o2,so4,thm
comm_17_752	complete	mro	Variovorax_paradoxus_EPS	acald,cynt,o2,so4
comm_17_752	complete	mro	Xylophilus_ampelinus_CCH5_B3	asn__L,citr__L,csn,o2,so4
comm_17_753	complete	mip	ni	4abz,5mtr,adn,ala_B,asn__L,bz,chols,cit,csn,dha,dxyl,fru,gln__L,lys__L,met__L,nh4,nmn,no2,no3,o2,orn,so4,thm,thym,tre
comm_17_753	complete	mip	i	chols,cit,dha,dxyl,fru,gln__L,met__L,nmn,no3,o2,so4,thm,tre
comm_17_753	complete	mro	community	acald,cellb,chols,cit,dxyl,gln__L,glyc3p,met__L,nmn,no2,no3,o2,so4,thm
comm_17_753	complete	mro	Aquincola_tertiaricarbonis_MIMtkpLc11	ala__D,nmn,o2,so4
comm_17_753	complete	mro	Arenimonas_oryziterrae_DSM_21050_YC6267	cit,lys__L,nmn,o2,orn,pnto__R,so4
comm_17_753	complete	mro	Arthrobacter_enclensis_NIO_1008	asn__L,cit,so4
comm_17_753	complete	mro	Chthoniobacter_flavus_Ellin428	5mtr,h2s,nh4,o2,so4,xtsn
comm_17_753	complete	mro	Geobacter_bemidjiensis_Bem	glyc,h2s,nh4,o2,so4
comm_17_753	complete	mro	Jatrophihabitans_endophyticus_DSM_45627	dha,gln__L,o2,so4,ura
comm_17_753	complete	mro	Lacunisphaera_limnophila_IG16b	4abz,cit,glyc,h2s,no3,o2,so4,thm,thym
comm_17_753	complete	mro	Massilia_timonae_NEU	ala__L,o2,pnto__R,so4
comm_17_753	complete	mro	Micromonospora_rosaria_DSM_803	asp__L,chols,met__L,o2
comm_17_753	complete	mro	Niabella_soli_DSM_19437_JS13_8_DSM_19437	asn__L,chols,cit,o2,rib__D,thm
comm_17_753	complete	mro	Parafilimonas_terrae_DSM_28286	cit,no2,so4,thm
comm_17_753	complete	mro	Pseudonocardia_acaciae_DSM_45401	glyc,no3,so4
comm_17_753	complete	mro	Reyranella_massiliensis_521	dxyl,glyc3p,nh4,o2,so4
comm_17_753	complete	mro	Rugamonas_rubra_ATCC_43154	h2s,o2,so4,tyr__L
comm_17_753	complete	mro	Simplicispira_psychrophila_DSM_11588	acald,nh4,o2,so4
comm_17_753	complete	mro	Steroidobacter_denitrificans_DSM_18526	glyc3p,lys__L,o2,so4,thm
comm_17_753	complete	mro	Variovorax_paradoxus_EPS	acald,o2,ptrc,so4
comm_17_754	complete	mip	ni	5mtr,acald,adn,ala_B,asn__L,bz,chols,cit,dextrin,dxyl,fe3dcit,fru,glyald,ile__L,leu__L,met__L,nh4,no3,o2,ribflv,so4,thm,thr__L,thym,tmao,uaagmda,val__L
comm_17_754	complete	mip	i	acald,asn__L,chols,dextrin,dxyl,fe3dcit,fru,glyald,no3,o2,ribflv,so4,thm,thym,tmao
comm_17_754	complete	mro	community	cellb,chols,dxyl,fe3dcit,fru,glyc3p,no2,no3,o2,ribflv,so4,thm,thym,tmao
comm_17_754	complete	mro	Acidovorax_soli_DSM_25157	cit,no3,o2,so4
comm_17_754	complete	mro	Arthrobacter_enclensis_NIO_1008	asn__L,cit,so4
comm_17_754	complete	mro	Azohydromonas_australica_DSM_1124	acald,nh4,o2,so4
comm_17_754	complete	mro	Bacillus_mycoides_ATCC_6462	glyc,o2,so4,uaagmda
comm_17_754	complete	mro	Bradyrhizobium_neotropicale_BR_10247	dxyl,glyc3p,o2,so4,thym
comm_17_754	complete	mro	Chthoniobacter_flavus_Ellin428	5mtr,nh4,o2,so4,xtsn
comm_17_754	complete	mro	Devosia_insulae_DS_56	asn__L,dxyl,meoh,met__L,o2,ribflv,so4,thm
comm_17_754	complete	mro	Hyalangium_minutum_DSM_14724	cit,ile__L,leu__L,o2,so4,thr__L
comm_17_754	complete	mro	Lysobacter_dokdonensis_DS_58	cit,leu__L,man6p,o2,so4,thr__L,tmao,val__L
comm_17_754	complete	mro	Massilia_timonae_NEU	o2,pnto__R,pro__L,so4
comm_17_754	complete	mro	Mycobacterium_moriokaense_CIP105393	cit,dha,nh4,o2,so4
comm_17_754	complete	mro	Niabella_soli_DSM_19437_JS13_8_DSM_19437	asn__L,chols,cit,o2,rib__D,thm
comm_17_754	complete	mro	Rhizobium_leguminosarum_OV483	asn__L,fe3dcit,o2,so4
comm_17_754	complete	mro	Rugamonas_rubra_ATCC_43154	o2,ptrc,so4
comm_17_754	complete	mro	Solirubrobacter_soli_DSM_22325	o2,ptrc,so4
comm_17_754	complete	mro	Sphingomonas_melonis_TY	adn,cit,dxyl,nh4,o2,so4
comm_17_754	complete	mro	Variovorax_paradoxus_EPS	acald,nh4,o2,so4
comm_17_755	complete	mip	ni	acald,adn,akg,ala_B,asn__L,bz,cit,dxyl,fe3dcit,fru,lys__L,met__L,nh4,nmn,no2,no3,o2,ribflv,so4,thm,thr__L,tre,uaagmda
comm_17_755	complete	mip	i	adn,cit,dxyl,fe3dcit,met__L,nmn,no3,o2,ribflv,so4,thm,tre,uaagmda
comm_17_755	complete	mro	community	23camp,cit,dxyl,fe3dcit,nmn,no3,o2,ribflv,so4,thm,tre,uaagmda
comm_17_755	complete	mro	Acidovorax_soli_DSM_25157	cit,nh4,o2,so4
comm_17_755	complete	mro	Aquincola_tertiaricarbonis_MIMtkpLc11	nmn,o2,ptrc,so4
comm_17_755	complete	mro	Arthrobacter_enclensis_NIO_1008	asn__L,cit,so4
comm_17_755	complete	mro	Bacillus_mycoides_ATCC_6462	glyc,o2,so4,uaagmda
comm_17_755	complete	mro	Devosia_insulae_DS_56	23camp,asn__L,dxyl,his__L,o2,ribflv,so4,thm
comm_17_755	complete	mro	Massilia_timonae_NEU	23camp,o2,pnto__R,so4
comm_17_755	complete	mro	Mesorhizobium_ciceri_ca181	dha,dxyl,o2,so4,thr__L
comm_17_755	complete	mro	Niabella_ginsenosidivorans_BS26	adn,asn__L,glc__D,o2,pro__L,so4,thm
comm_17_755	complete	mro	Parafilimonas_terrae_DSM_28286	cit,no2,o2,so4,thm
comm_17_755	complete	mro	Phenylobacterium_immobile_ATCC_35973_strain_E	cit,no2,o2,pyr,so4
comm_17_755	complete	mro	Pseudomonas_fluorescens_F113	meoh,nh4,o2,so4
comm_17_755	complete	mro	Pseudonocardia_acaciae_DSM_45401	acald,no3,so4
comm_17_755	complete	mro	Pseudonocardia_oroxyli_CGMCC_4_3143	no2,o2,pyr,so4
comm_17_755	complete	mro	Rhizobacter_gummiphilus_NS21	acald,nh4,o2,so4
comm_17_755	complete	mro	Rhizobium_leguminosarum_OV483	23camp,asn__L,fe3dcit,o2,so4
comm_17_755	complete	mro	Sphingomonas_melonis_TY	adn,cit,dxyl,nh4,o2,so4
comm_17_755	complete	mro	Steroidobacter_denitrificans_DSM_18526	glyc3p,lys__L,o2,so4,thm
comm_17_756	complete	mip	ni	3mb,ala_B,arab__D,arg__L,asn__L,bz,chols,cit,csn,dha,dxyl,fe3dcit,fru,ile__L,lys__L,nmn,no,no3,o2,so4,thm,thr__L,tre
comm_17_756	complete	mip	i	arab__D,asn__L,chols,cit,dxyl,fe3dcit,nmn,no3,o2,so4,thm,tre
comm_17_756	complete	mro	community	asn__L,cellb,chols,cit,dxyl,fe3dcit,glyald,nmn,no3,o2,so4,thm
comm_17_756	complete	mro	Aquincola_tertiaricarbonis_MIMtkpLc11	ala__D,nmn,o2,so4
comm_17_756	complete	mro	Bacillus_circulans_NBRC_13626	glyc,nh4,no2,o2,so4
comm_17_756	complete	mro	Hyalangium_minutum_DSM_14724	cit,ile__L,leu__L,o2,so4,thr__L
comm_17_756	complete	mro	Massilia_timonae_NEU	ala__L,o2,pnto__R,so4
comm_17_756	complete	mro	Methylibium_petroleiphilum_PM1	acald,nh4,o2,so4
comm_17_756	complete	mro	Niabella_soli_DSM_19437_JS13_8_DSM_19437	asn__L,chols,cit,man1p,o2,thm
comm_17_756	complete	mro	Parafilimonas_terrae_DSM_28286	cit,no2,so4,thm
comm_17_756	complete	mro	Pseudomonas_fuscovaginae_LMG_2158	chols,coa,nmn,o2,ptrc
comm_17_756	complete	mro	Pseudorhodoplanes_sinuspersici_RIPI110	cit,no2,o2,so4
comm_17_756	complete	mro	Reyranella_massiliensis_521	dxyl,glyc3p,nh4,o2,so4
comm_17_756	complete	mro	Rhizobacter_gummiphilus_NS21	acald,nh4,o2,so4
comm_17_756	complete	mro	Rhizobium_alamii_YR540	asn__L,o2,so4
comm_17_756	complete	mro	Rhizobium_leguminosarum_OV483	asn__L,fe3dcit,o2,so4
comm_17_756	complete	mro	Rugamonas_rubra_ATCC_43154	glyc,no3,so4
comm_17_756	complete	mro	Solirubrobacter_soli_DSM_22325	glyald,nh4,o2,so4
comm_17_756	complete	mro	Steroidobacter_denitrificans_DSM_18526	fum,lys__L,o2,so4,thm
comm_17_756	complete	mro	Xylophilus_ampelinus_CCH5_B3	arg__L,asn__L,o2,so4,ura
comm_17_757	complete	mip	ni	3mb,4abz,ala_B,arg__L,asn__L,bz,cit,csn,dha,dxyl,fru,gln__L,glu__D,glyc,ile__L,lys__L,met__L,nmn,no2,no3,o2,ribflv,so4,thm,thr__L,thym,tre
comm_17_757	complete	mip	i	3mb,cit,dha,dxyl,gln__L,glu__D,ile__L,met__L,nmn,no2,no3,o2,ribflv,so4,thm,thym,tre
comm_17_757	complete	mro	community	3mb,cellb,cit,dxyl,gln__L,glu__D,glyald,ile__L,met__L,nmn,no3,o2,ribflv,so4,thm,thym
comm_17_757	complete	mro	Aquincola_tertiaricarbonis_MIMtkpLc11	nmn,o2,ptrc,so4
comm_17_757	complete	mro	Arenimonas_oryziterrae_DSM_21050_YC6267	arg__L,cit,lys__L,nmn,o2,pnto__R,so4
comm_17_757	complete	mro	Azohydromonas_australica_DSM_1124	acald,nh4,o2,so4
comm_17_757	complete	mro	Dactylosporangium_aurantiacum_NRRL_B_8018	acald,glu__D,glyc3p,nh4,o2,so4
comm_17_757	complete	mro	Devosia_insulae_DS_56	asn__L,dxyl,glyc3p,met__L,o2,ribflv,so4,thm
comm_17_757	complete	mro	Geobacter_bemidjiensis_Bem	glyc,nh4,o2,so4
comm_17_757	complete	mro	Hyalangium_minutum_DSM_14724	3mb,cit,ile__L,o2,so4,thr__L
comm_17_757	complete	mro	Jatrophihabitans_endophyticus_DSM_45627	gln__L,glyald,o2,so4,ura
comm_17_757	complete	mro	Lacunisphaera_limnophila_IG16b	4abz,cit,glyc,no3,o2,so4,thm,thym
comm_17_757	complete	mro	Massilia_timonae_NEU	o2,pnto__R,pro__L,so4
comm_17_757	complete	mro	Methylibium_petroleiphilum_PM1	acald,nh4,o2,so4
comm_17_757	complete	mro	Pelobacter_propionicus_DSM_2379	acald,no3,o2,so4
comm_17_757	complete	mro	Pseudonocardia_acaciae_DSM_45401	glyald,no3,so4
comm_17_757	complete	mro	Pseudonocardia_oroxyli_CGMCC_4_3143	12ppd__S,no2,o2,so4
comm_17_757	complete	mro	Reyranella_massiliensis_521	dxyl,glyc3p,nh4,o2,so4
comm_17_757	complete	mro	Rhizobacter_gummiphilus_NS21	acald,nh4,o2,so4
comm_17_757	complete	mro	Xylophilus_ampelinus_CCH5_B3	asn__L,citr__L,o2,so4,ura
comm_17_758	complete	mip	ni	4abz,5mtr,adn,ala_B,asn__L,bz,chols,cit,dha,dxyl,fru,gln__L,glu__D,lys__L,met__L,nh4,nmn,no2,no3,o2,so4,thm,thym,tre,ura
comm_17_758	complete	mip	i	chols,cit,dha,dxyl,fru,gln__L,glu__D,met__L,nmn,no3,o2,so4,thm,tre,ura
comm_17_758	complete	mro	community	arab__L,cellb,chols,cit,dxyl,gln__L,glu__D,glyald,met__L,nmn,no3,o2,so4,thm,ura
comm_17_758	complete	mro	Aquincola_tertiaricarbonis_MIMtkpLc11	nmn,o2,ptrc,so4
comm_17_758	complete	mro	Arthrobacter_enclensis_NIO_1008	asn__L,cit,so4
comm_17_758	complete	mro	Chthoniobacter_flavus_Ellin428	5mtr,nh4,o2,so4,xtsn
comm_17_758	complete	mro	Dactylosporangium_aurantiacum_NRRL_B_8018	acald,glu__D,nh4,o2,so4
comm_17_758	complete	mro	Geobacter_bemidjiensis_Bem	glyc,nh4,o2,so4
comm_17_758	complete	mro	Jatrophihabitans_endophyticus_DSM_45627	gln__L,glyald,o2,so4,ura
comm_17_758	complete	mro	Lacunisphaera_limnophila_IG16b	4abz,cit,glyc,h2s,nh4,o2,so4,thm,thym
comm_17_758	complete	mro	Massilia_timonae_NEU	glyc,nh4,o2,pnto__R,so4
comm_17_758	complete	mro	Micromonospora_rosaria_DSM_803	asp__L,chols,met__L,o2
comm_17_758	complete	mro	Niabella_soli_DSM_19437_JS13_8_DSM_19437	asn__L,chols,cit,o2,rib__D,thm
comm_17_758	complete	mro	Parafilimonas_terrae_DSM_28286	cit,no2,so4,thm
comm_17_758	complete	mro	Pseudonocardia_acaciae_DSM_45401	acald,no3,o2,so4
comm_17_758	complete	mro	Reyranella_massiliensis_521	dxyl,glyc3p,nh4,o2,so4
comm_17_758	complete	mro	Rugamonas_rubra_ATCC_43154	o2,pro__L,so4
comm_17_758	complete	mro	Simplicispira_psychrophila_DSM_11588	acald,nh4,o2,so4
comm_17_758	complete	mro	Steroidobacter_denitrificans_DSM_18526	glyc3p,h2s,lys__L,o2,so4,thm
comm_17_758	complete	mro	Variovorax_paradoxus_EPS	acald,nh4,o2,so4
comm_17_759	complete	mip	ni	3mb,4abz,4hbz,5mtr,adn,asn__L,cellb,chols,cit,csn,dxyl,fe3dcit,fru,gln__L,glu__D,glyald,his__L,ile__L,lys__L,met__L,no2,no3,o2,ribflv,rnam,skm,so4,thm,thr__L,thymd,val__L
comm_17_759	complete	mip	i	3mb,cellb,chols,cit,csn,dxyl,fe3dcit,fru,gln__L,glu__D,glyald,met__L,o2,ribflv,rnam,so4,thm
comm_17_759	complete	mro	community	3mb,arab__L,chols,cit,csn,dxyl,fe3dcit,gln__L,glu__D,glyald,glyc3p,glycogen,met__L,no2,o2,ribflv,rnam,so4,thm
comm_17_759	complete	mro	Chthoniobacter_flavus_Ellin428	5mtr,nh4,o2,so4,xtsn
comm_17_759	complete	mro	Dactylosporangium_aurantiacum_NRRL_B_8018	acald,glu__D,nh4,o2,so4
comm_17_759	complete	mro	Devosia_insulae_DS_56	asn__L,dxyl,h2s,his__L,meoh,met__L,o2,ribflv,so4,thm
comm_17_759	complete	mro	Edaphobacter_aggregans_DSM_19364	arab__L,nh4,o2,so4
comm_17_759	complete	mro	Flavobacterium_succinicans_LMG_10402	cit,no2,so4
comm_17_759	complete	mro	Geobacter_bemidjiensis_Bem	glyc,nh4,o2,so4
comm_17_759	complete	mro	Hyalangium_minutum_DSM_14724	cit,glyc3p,h2s,ile__L,leu__L,no2,o2,so4,thr__L
comm_17_759	complete	mro	Jatrophihabitans_endophyticus_DSM_45627	csn,gln__L,glyald,o2,so4
comm_17_759	complete	mro	Lacunisphaera_limnophila_IG16b	4abz,chols,cit,glyc,nh4,o2,thm,thymd
comm_17_759	complete	mro	Luteimonas_mephitis_DSM_12574	3mb,adn,his__L,lys__L,o2,rnam,so4,val__L
comm_17_759	complete	mro	Micromonospora_rosaria_DSM_803	asp__L,chols,met__L,o2
comm_17_759	complete	mro	Niabella_ginsenosidivorans_BS26	adn,arab__L,asn__L,o2,pro__L,so4,thm
comm_17_759	complete	mro	Niabella_soli_DSM_19437_JS13_8_DSM_19437	asn__L,chols,cit,man1p,no2,o2,thm
comm_17_759	complete	mro	Pseudonocardia_acaciae_DSM_45401	csn,glyc,so4
comm_17_759	complete	mro	Reyranella_massiliensis_521	dxyl,glyc3p,nh4,o2,so4
comm_17_759	complete	mro	Rhizobium_leguminosarum_OV483	asn__L,fe3dcit,o2,so4
comm_17_759	complete	mro	Terracidiphilus_gabretensis_S55	cit,cytd,glyc3p,o2,skm,so4
comm_17_760	complete	mip	ni	3mb,ala_B,asn__L,bz,cit,cytd,dextrin,dxyl,fe3dcit,fru,glyald,glyc3p,ile__L,lys__L,met__L,nh4,nmn,no3,o2,orn,ribflv,skm,so4,thm,thr__L,thym
comm_17_760	complete	mip	i	asn__L,bz,dextrin,dxyl,fe3dcit,fru,glyc3p,met__L,nmn,no3,o2,ribflv,so4,thm,thym
comm_17_760	complete	mro	community	asn__L,dxyl,fe3dcit,fru,glyald,met__L,nmn,no2,no3,o2,ribflv,so4,thm,thym,tol,tre
comm_17_760	complete	mro	Acidovorax_soli_DSM_25157	cit,nh4,o2,so4
comm_17_760	complete	mro	Arenimonas_oryziterrae_DSM_21050_YC6267	cit,lys__L,nmn,o2,orn,pnto__R,so4
comm_17_760	complete	mro	Bacillus_circulans_NBRC_13626	glyc,nh4,no2,o2,so4
comm_17_760	complete	mro	Bradyrhizobium_neotropicale_BR_10247	dxyl,nh4,pyr,so4,thym
comm_17_760	complete	mro	Chryseolinea_serpens_DSM_24574	glyc3p,nh4,o2,so4,thm
comm_17_760	complete	mro	Devosia_insulae_DS_56	asn__L,dxyl,met__L,o2,ribflv,so4,thm
comm_17_760	complete	mro	Hyalangium_minutum_DSM_14724	cit,ile__L,leu__L,o2,so4,thr__L
comm_17_760	complete	mro	Massilia_timonae_NEU	glyc,nh4,o2,pnto__R,so4
comm_17_760	complete	mro	Methylibium_petroleiphilum_PM1	etha,o2,so4
comm_17_760	complete	mro	Nitrospira_japonica	cit,met__L,nh4,o2,so4,tol
comm_17_760	complete	mro	Parafilimonas_terrae_DSM_28286	cit,no2,so4,thm
comm_17_760	complete	mro	Phenylobacterium_immobile_ATCC_35973_strain_E	cit,o2,ser__D,so4
comm_17_760	complete	mro	Pseudorhodoplanes_sinuspersici_RIPI110	acald,cit,nh4,o2,so4
comm_17_760	complete	mro	Rhizobacter_gummiphilus_NS21	acald,nh4,o2,so4
comm_17_760	complete	mro	Rhizobium_leguminosarum_OV483	asn__L,fe3dcit,meoh,o2,so4
comm_17_760	complete	mro	Steroidobacter_denitrificans_DSM_18526	fum,lys__L,o2,so4,thm
comm_17_760	complete	mro	Terracidiphilus_gabretensis_S55	cit,cytd,glyc3p,o2,skm,so4
comm_17_761	complete	mip	ni	3mb,5mtr,acald,adn,ala_B,arg__L,asn__L,bz,cit,dextrin,dxyl,fe3dcit,fru,ile__L,met__L,nh4,no,no2,no3,o2,ribflv,so4,thm,thr__L,thym,ura
comm_17_761	complete	mip	i	adn,dextrin,dxyl,fe3dcit,fru,met__L,no2,o2,ribflv,so4,thm,thym
comm_17_761	complete	mro	community	23camp,dxyl,fe3dcit,fru,gal_bD,glyald,no3,o2,ribflv,so4,thm,thym
comm_17_761	complete	mro	Acidovorax_soli_DSM_25157	cit,nh4,o2,so4
comm_17_761	complete	mro	Arthrobacter_enclensis_NIO_1008	asn__L,cit,so4
comm_17_761	complete	mro	Bacillus_circulans_NBRC_13626	glyc,nh4,o2,so4
comm_17_761	complete	mro	Bradyrhizobium_neotropicale_BR_10247	dha,dxyl,nh4,so4,thym
comm_17_761	complete	mro	Chthoniobacter_flavus_Ellin428	5mtr,adn,o2,so4
comm_17_761	complete	mro	Devosia_insulae_DS_56	3amp,asn__L,dxyl,o2,ribflv,so4,thm
comm_17_761	complete	mro	Hyalangium_minutum_DSM_14724	cit,ile__L,leu__L,o2,so4,thr__L
comm_17_761	complete	mro	Massilia_timonae_NEU	o2,pnto__R,pro__L,so4
comm_17_761	complete	mro	Pseudonocardia_oroxyli_CGMCC_4_3143	dha,no2,o2,so4
comm_17_761	complete	mro	Rhizobacter_gummiphilus_NS21	acald,nh4,o2,so4
comm_17_761	complete	mro	Rhizobium_leguminosarum_OV483	23camp,asn__L,fe3dcit,gal,o2,so4
comm_17_761	complete	mro	Rugamonas_rubra_ATCC_43154	glyclt,h2s,nh4,o2,so4
comm_17_761	complete	mro	Solirubrobacter_soli_DSM_22325	4abut,o2,so4
comm_17_761	complete	mro	Sphingomonas_echinoides_ATCC_14820	cit,fe3dcit,glyc,nh4,o2,so4
comm_17_761	complete	mro	Sphingomonas_melonis_TY	adn,cit,dxyl,meoh,nh4,o2,so4
comm_17_761	complete	mro	Variovorax_paradoxus_EPS	etha,o2,so4
comm_17_761	complete	mro	Xylophilus_ampelinus_CCH5_B3	asn__L,citr__L,h2s,o2,pnto__R,so4
comm_17_762	complete	mip	ni	4abz,acald,adn,akg,ala_B,arg__L,asn__L,bz,chols,cit,dxyl,fru,gln__L,glyc3p,lys__L,nmn,no,no3,o2,so4,thm,thym,ura,xyl__D
comm_17_762	complete	mip	i	acald,akg,chols,dxyl,fru,gln__L,glyc3p,nmn,no3,o2,so4,thm,ura,xyl__D
comm_17_762	complete	mro	community	cellb,chols,csn,dxyl,fru,gln__L,nmn,no2,no3,o2,so4,thm
comm_17_762	complete	mro	Aquincola_tertiaricarbonis_MIMtkpLc11	nmn,o2,ptrc,so4
comm_17_762	complete	mro	Arthrobacter_enclensis_NIO_1008	asn__L,cit,so4
comm_17_762	complete	mro	Azohydromonas_australica_DSM_1124	acald,nh4,o2,so4
comm_17_762	complete	mro	Bacillus_circulans_NBRC_13626	glyc,nh4,o2,so4
comm_17_762	complete	mro	Bradyrhizobium_erythrophlei_GAS401	cit,nmn,no2,so4
comm_17_762	complete	mro	Bradyrhizobium_neotropicale_BR_10247	dha,dxyl,nh4,so4,thym
comm_17_762	complete	mro	Jatrophihabitans_endophyticus_DSM_45627	csn,dha,gln__L,o2,so4
comm_17_762	complete	mro	Lacunisphaera_limnophila_IG16b	4abz,cit,glyc,nh4,o2,so4,thm,thymd
comm_17_762	complete	mro	Massilia_timonae_NEU	o2,pnto__R,pro__L,so4
comm_17_762	complete	mro	Niabella_ginsenosidivorans_BS26	adn,asn__L,cellb,his__L,o2,so4,thm
comm_17_762	complete	mro	Niabella_soli_DSM_19437_JS13_8_DSM_19437	asn__L,chols,cit,glc__D,no2,o2,thm
comm_17_762	complete	mro	Parafilimonas_terrae_DSM_28286	cit,no2,so4,thm
comm_17_762	complete	mro	Reyranella_massiliensis_521	dxyl,glyc3p,nh4,o2,so4
comm_17_762	complete	mro	Rugamonas_rubra_ATCC_43154	o2,ptrc,so4
comm_17_762	complete	mro	Steroidobacter_denitrificans_DSM_18526	fum,h2s,lys__L,o2,so4,thm
comm_17_762	complete	mro	Variovorax_paradoxus_EPS	acald,nh4,o2,so4
comm_17_762	complete	mro	Xylophilus_ampelinus_CCH5_B3	arg__L,asn__L,csn,glyc3p,h2s,o2,so4
comm_17_763	complete	mip	ni	3mb,4abz,acald,adn,arg__L,asn__L,bz,chols,cit,dxyl,fru,his__L,lys__L,nmn,no3,o2,pnto__R,so4,thm,thym,tre,uaagmda,val__L,xyl__D
comm_17_763	complete	mip	i	3mb,arg__L,chols,dxyl,fru,nmn,no3,o2,so4,thm,tre
comm_17_763	complete	mro	community	3mb,arab__L,chols,dha,dxyl,fru,glycogen,nmn,no2,no3,o2,so4,thm
comm_17_763	complete	mro	Acidovorax_konjaci_DSM_7481	glyc,h2s,no3,o2,so4
comm_17_763	complete	mro	Aquincola_tertiaricarbonis_MIMtkpLc11	glyc,nh4,nmn,o2,so4
comm_17_763	complete	mro	Arenimonas_oryziterrae_DSM_21050_YC6267	cit,lys__L,nmn,o2,orn,pnto__R,so4
comm_17_763	complete	mro	Bacillus_circulans_NBRC_13626	glyc,nh4,o2,so4
comm_17_763	complete	mro	Bacillus_mycoides_ATCC_6462	glyc,o2,so4,uaagmda
comm_17_763	complete	mro	Bradyrhizobium_neotropicale_BR_10247	ala__D,dxyl,so4,thym
comm_17_763	complete	mro	Geobacter_bemidjiensis_Bem	glyclt,nh4,o2,so4
comm_17_763	complete	mro	Lacunisphaera_limnophila_IG16b	4abz,cit,glyc,no3,o2,so4,thm,thymd
comm_17_763	complete	mro	Luteimonas_mephitis_DSM_12574	3mb,adn,his__L,lys__L,o2,rnam,so4,val__L
comm_17_763	complete	mro	Massilia_timonae_NEU	o2,pnto__R,pro__L,so4
comm_17_763	complete	mro	Methylibium_petroleiphilum_PM1	acald,nh4,o2,so4
comm_17_763	complete	mro	Niabella_ginsenosidivorans_BS26	adn,arab__L,asn__L,his__L,o2,so4,thm
comm_17_763	complete	mro	Niabella_soli_DSM_19437_JS13_8_DSM_19437	asn__L,chols,cit,o2,rib__D,thm
comm_17_763	complete	mro	Phenylobacterium_immobile_ATCC_35973_strain_E	cit,nh4,o2,pyr,so4
comm_17_763	complete	mro	Solirubrobacter_soli_DSM_22325	glyc,nh4,o2,so4
comm_17_763	complete	mro	Sphingomonas_melonis_TY	adn,cit,dxyl,nh4,o2,so4
comm_17_763	complete	mro	Xylophilus_ampelinus_CCH5_B3	asn__L,citr__L,h2s,o2,so4,ura
comm_17_764	complete	mip	ni	acald,adn,ala_B,asn__L,bz,cit,dha,dxyl,fru,lys__L,met__L,nh4,nmn,no3,o2,orn,ribflv,so4,thm,thr__L,tre,uaagmda
comm_17_764	complete	mip	i	acald,adn,cit,dxyl,met__L,nmn,no3,o2,ribflv,so4,thm,tre
comm_17_764	complete	mro	community	adn,cit,dxyl,met__L,nmn,no,no3,o2,ribflv,so4,thm,tre
comm_17_764	complete	mro	Acidovorax_soli_DSM_25157	acald,cit,no3,o2,so4
comm_17_764	complete	mro	Aquincola_tertiaricarbonis_MIMtkpLc11	glyc,nh4,nmn,o2,so4
comm_17_764	complete	mro	Arenimonas_oryziterrae_DSM_21050_YC6267	cit,lys__L,nmn,o2,orn,pnto__R,so4
comm_17_764	complete	mro	Arthrobacter_enclensis_NIO_1008	asn__L,cit,so4
comm_17_764	complete	mro	Bacillus_circulans_NBRC_13626	glyc,nh4,o2,so4
comm_17_764	complete	mro	Bacillus_mycoides_ATCC_6462	glyclt,o2,so4,uaagmda
comm_17_764	complete	mro	Devosia_insulae_DS_56	asn__L,dxyl,his__L,met__L,o2,ribflv,so4,thm
comm_17_764	complete	mro	Massilia_timonae_NEU	g3pg,nh4,o2,pnto__R,so4
comm_17_764	complete	mro	Mesorhizobium_ciceri_ca181	dha,dxyl,o2,so4,thr__L
comm_17_764	complete	mro	Niabella_ginsenosidivorans_BS26	adn,asn__L,glc__D,o2,pro__L,so4,thm
comm_17_764	complete	mro	Parafilimonas_terrae_DSM_28286	cit,no2,o2,so4,thm
comm_17_764	complete	mro	Phenylobacterium_immobile_ATCC_35973_strain_E	cit,o2,ser__D,so4
comm_17_764	complete	mro	Pseudomonas_fluorescens_F113	meoh,nh4,o2,so4
comm_17_764	complete	mro	Pseudonocardia_oroxyli_CGMCC_4_3143	glyald,no2,o2,so4
comm_17_764	complete	mro	Rhizobacter_gummiphilus_NS21	acald,nh4,o2,so4
comm_17_764	complete	mro	Sphingomonas_melonis_TY	adn,cit,dxyl,nh4,o2,so4
comm_17_764	complete	mro	Steroidobacter_denitrificans_DSM_18526	fum,lys__L,o2,so4,thm
comm_17_765	complete	mip	ni	3mb,4abz,acald,ala_B,arg__L,asn__L,bz,cit,csn,dad_2,dxyl,fru,glc__D,glu__L,glyald,ile__L,met__L,no2,no3,o2,ribflv,so4,thm,thr__L,thym,uaagmda
comm_17_765	complete	mip	i	cit,dad_2,dxyl,fru,glc__D,met__L,no3,o2,ribflv,so4,thm
comm_17_765	complete	mro	community	23camp,cit,dxyl,fru,glc__D,no,no3,o2,ribflv,so4,thm
comm_17_765	complete	mro	Acidovorax_soli_DSM_25157	cit,nh4,o2,so4
comm_17_765	complete	mro	Bacillus_mycoides_ATCC_6462	4abut,o2,so4,uaagmda
comm_17_765	complete	mro	Devosia_insulae_DS_56	23camp,asn__L,dxyl,glyc,his__L,o2,ribflv,so4,thm
comm_17_765	complete	mro	Edaphobacter_aggregans_DSM_19364	glc__D,nh4,o2,so4
comm_17_765	complete	mro	Flavobacterium_succinicans_LMG_10402	cit,no3,so4
comm_17_765	complete	mro	Hyalangium_minutum_DSM_14724	cit,ile__L,leu__L,o2,so4,thr__L
comm_17_765	complete	mro	Lacunisphaera_limnophila_IG16b	4abz,cit,glyc,nh4,o2,so4,thm,thymd
comm_17_765	complete	mro	Massilia_timonae_NEU	glyclt,nh4,o2,pnto__R,so4
comm_17_765	complete	mro	Methylibium_petroleiphilum_PM1	glyc,nh4,o2,so4
comm_17_765	complete	mro	Methylocapsa_palsarum_NE2	asn__L,cit,no3,o2,so4
comm_17_765	complete	mro	Niabella_ginsenosidivorans_BS26	asn__L,glc__D,ins,o2,pro__L,so4,thm
comm_17_765	complete	mro	Parafilimonas_terrae_DSM_28286	cit,no2,so4,thm
comm_17_765	complete	mro	Pseudonocardia_acaciae_DSM_45401	glyald,nh4,no3,so4
comm_17_765	complete	mro	Pseudorhodoplanes_sinuspersici_RIPI110	cit,no,o2,so4
comm_17_765	complete	mro	Simplicispira_psychrophila_DSM_11588	acald,no3,o2,so4
comm_17_765	complete	mro	Solirubrobacter_soli_DSM_22325	glyald,nh4,o2,so4
comm_17_765	complete	mro	Xylophilus_ampelinus_CCH5_B3	arg__L,asn__L,o2,pnto__R,so4
comm_17_766	complete	mip	ni	3mb,4abz,5mtr,acald,adn,ala_B,arg__L,asn__L,bz,cit,dxyl,fru,glc__D,gln__L,glu__D,glyald,glyc,ile__L,lys__L,nmn,no,no2,no3,o2,so4,thm,thr__L,thym,ura
comm_17_766	complete	mip	i	3mb,cit,dxyl,fru,glc__D,gln__L,glu__D,glyald,ile__L,nmn,no3,o2,so4,thm,thym
comm_17_766	complete	mro	community	3mb,cellb,cit,dxyl,gln__L,glu__D,glyald,ile__L,nmn,no3,o2,so4,thm,thym
comm_17_766	complete	mro	Aquincola_tertiaricarbonis_MIMtkpLc11	ala__D,nmn,o2,so4
comm_17_766	complete	mro	Arenimonas_oryziterrae_DSM_21050_YC6267	cit,lys__L,nmn,o2,orn,pnto__R,so4
comm_17_766	complete	mro	Azohydromonas_australica_DSM_1124	acald,nh4,o2,so4
comm_17_766	complete	mro	Chthoniobacter_flavus_Ellin428	5mtr,nh4,o2,so4,xtsn
comm_17_766	complete	mro	Dactylosporangium_aurantiacum_NRRL_B_8018	glu__D,glyald,nh4,o2,so4
comm_17_766	complete	mro	Geobacter_bemidjiensis_Bem	glyc,nh4,o2,so4
comm_17_766	complete	mro	Hyalangium_minutum_DSM_14724	3mb,cit,ile__L,o2,so4,thr__L
comm_17_766	complete	mro	Jatrophihabitans_endophyticus_DSM_45627	gln__L,glyc3p,o2,so4,ura
comm_17_766	complete	mro	Lacunisphaera_limnophila_IG16b	4abz,bz,cit,glu__L,o2,so4,thm,thym
comm_17_766	complete	mro	Massilia_timonae_NEU	o2,pnto__R,pro__L,so4
comm_17_766	complete	mro	Methylibium_petroleiphilum_PM1	acald,nh4,o2,so4
comm_17_766	complete	mro	Pelobacter_propionicus_DSM_2379	etoh,nh4,o2,so4
comm_17_766	complete	mro	Pseudonocardia_acaciae_DSM_45401	glyald,no3,so4
comm_17_766	complete	mro	Pseudonocardia_oroxyli_CGMCC_4_3143	dha,no2,o2,so4
comm_17_766	complete	mro	Reyranella_massiliensis_521	dxyl,glyc3p,nh4,o2,so4
comm_17_766	complete	mro	Rhizobacter_gummiphilus_NS21	acald,nh4,o2,so4
comm_17_766	complete	mro	Xylophilus_ampelinus_CCH5_B3	arg__L,asn__L,o2,so4,ura
comm_17_767	complete	mip	ni	4abz,5mtr,acald,adn,ala_B,arg__L,asn__L,bz,cit,csn,dha,dxyl,fru,gal,gln__L,glyald,lys__L,met__L,nmn,no2,no3,o2,ribflv,so4,thm,thym
comm_17_767	complete	mip	i	acald,adn,cit,dha,dxyl,fru,gln__L,met__L,nmn,no3,o2,ribflv,so4,thm,thym
comm_17_767	complete	mro	community	23camp,arab__L,cit,dxyl,gln__L,glyald,nmn,no2,no3,o2,ribflv,so4,thm,thym
comm_17_767	complete	mro	Aquincola_tertiaricarbonis_MIMtkpLc11	glyc,nh4,nmn,o2,so4
comm_17_767	complete	mro	Arenimonas_oryziterrae_DSM_21050_YC6267	arg__L,cit,lys__L,nmn,o2,pnto__R,so4
comm_17_767	complete	mro	Arthrobacter_enclensis_NIO_1008	asn__L,cit,so4
comm_17_767	complete	mro	Azohydromonas_australica_DSM_1124	acald,nh4,o2,so4
comm_17_767	complete	mro	Chthoniobacter_flavus_Ellin428	5mtr,nh4,o2,so4,xtsn
comm_17_767	complete	mro	Devosia_insulae_DS_56	23camp,asn__L,dxyl,his__L,o2,ribflv,so4,thm
comm_17_767	complete	mro	Jatrophihabitans_endophyticus_DSM_45627	23camp,gln__L,glyald,o2,so4,ura
comm_17_767	complete	mro	Lacunisphaera_limnophila_IG16b	4abz,cit,glyc,no3,o2,so4,thm,thym
comm_17_767	complete	mro	Massilia_timonae_NEU	o2,pnto__R,pro__L,so4
comm_17_767	complete	mro	Parafilimonas_terrae_DSM_28286	cit,for,nh4,o2,so4,thm
comm_17_767	complete	mro	Phenylobacterium_immobile_ATCC_35973_strain_E	cit,no2,o2,pyr,so4
comm_17_767	complete	mro	Pseudonocardia_acaciae_DSM_45401	glyald,no3,so4
comm_17_767	complete	mro	Rugamonas_rubra_ATCC_43154	glyc,nh4,o2,so4
comm_17_767	complete	mro	Sphingomonas_melonis_TY	adn,cit,dxyl,nh4,o2,so4
comm_17_767	complete	mro	Streptomyces_griseoruber_NRRL_B_1818	acald,nh4,o2,so4
comm_17_767	complete	mro	Variovorax_paradoxus_EPS	acald,o2,ptrc,so4
comm_17_767	complete	mro	Xylophilus_ampelinus_CCH5_B3	asn__L,citr__L,o2,so4,ura
comm_17_768	complete	mip	ni	4abz,adn,akg,ala_B,arg__L,asn__L,bz,chols,cit,csn,dxyl,fru,gln__L,lys__L,nmn,no3,o2,so4,thm,thym,tre,uaagmda
comm_17_768	complete	mip	i	asn__L,chols,csn,dxyl,fru,gln__L,nmn,no3,o2,so4,thm,tre
comm_17_768	complete	mro	community	acald,chols,dxyl,fru,gln__L,nmn,no3,o2,so4,thm,tre,ura
comm_17_768	complete	mro	Aquincola_tertiaricarbonis_MIMtkpLc11	nmn,o2,ptrc,so4
comm_17_768	complete	mro	Arthrobacter_enclensis_NIO_1008	asn__L,cit,so4
comm_17_768	complete	mro	Azohydromonas_australica_DSM_1124	acald,nh4,o2,so4
comm_17_768	complete	mro	Bacillus_circulans_NBRC_13626	glyc,nh4,o2,so4
comm_17_768	complete	mro	Bacillus_mycoides_ATCC_6462	glyclt,o2,so4,uaagmda
comm_17_768	complete	mro	Bradyrhizobium_erythrophlei_GAS401	cit,glyc3p,h2s,nmn,no3,so4
comm_17_768	complete	mro	Bradyrhizobium_neotropicale_BR_10247	dxyl,glyc3p,nh4,so4,thym
comm_17_768	complete	mro	Jatrophihabitans_endophyticus_DSM_45627	gln__L,glyc3p,o2,so4,ura
comm_17_768	complete	mro	Lacunisphaera_limnophila_IG16b	4abz,cit,glyc,nh4,o2,so4,thm,thymd
comm_17_768	complete	mro	Massilia_timonae_NEU	o2,pnto__R,pro__L,so4
comm_17_768	complete	mro	Niabella_ginsenosidivorans_BS26	adn,asn__L,glc__D,o2,pro__L,so4,thm
comm_17_768	complete	mro	Niabella_soli_DSM_19437_JS13_8_DSM_19437	asn__L,chols,cit,glcn,o2,thm
comm_17_768	complete	mro	Parafilimonas_terrae_DSM_28286	cit,no2,so4,thm
comm_17_768	complete	mro	Rugamonas_rubra_ATCC_43154	o2,ptrc,so4
comm_17_768	complete	mro	Steroidobacter_denitrificans_DSM_18526	glyc3p,h2s,lys__L,o2,so4,thm
comm_17_768	complete	mro	Variovorax_paradoxus_EPS	acald,no2,o2,so4
comm_17_768	complete	mro	Xylophilus_ampelinus_CCH5_B3	asn__L,citr__L,glyc3p,h2s,o2,so4,ura
comm_17_769	complete	mip	ni	3mb,4abz,5mtr,adn,ala_B,asn__L,bz,chols,cit,csn,dxyl,fe3dcit,fru,gln__L,glu__D,glyald,his__L,ile__L,lys__L,met__L,nmn,no2,no3,o2,orn,ribflv,skm,so4,thm,thr__L,thymd,tre,val__L
comm_17_769	complete	mip	i	3mb,chols,cit,dxyl,fe3dcit,fru,gln__L,glu__D,met__L,nmn,no2,no3,o2,ribflv,so4,thm,tre,val__L
comm_17_769	complete	mro	community	3mb,Larab,chols,cit,dxyl,fe3dcit,gln__L,glu__D,glyald,met__L,nmn,no2,no3,o2,ribflv,so4,thm,val__L
comm_17_769	complete	mro	Aquincola_tertiaricarbonis_MIMtkpLc11	glyc,nh4,nmn,o2,so4
comm_17_769	complete	mro	Arenimonas_oryziterrae_DSM_21050_YC6267	cit,lys__L,nmn,o2,orn,pnto__R,so4
comm_17_769	complete	mro	Chthoniobacter_flavus_Ellin428	5mtr,adn,o2,so4
comm_17_769	complete	mro	Dactylosporangium_aurantiacum_NRRL_B_8018	arab__L,glu__D,nh4,o2,so4
comm_17_769	complete	mro	Devosia_insulae_DS_56	asn__L,dxyl,met__L,o2,ribflv,so4,thm
comm_17_769	complete	mro	Geobacter_bemidjiensis_Bem	glyc,nh4,o2,so4
comm_17_769	complete	mro	Hyalangium_minutum_DSM_14724	3mb,cit,ile__L,o2,so4,thr__L
comm_17_769	complete	mro	Jatrophihabitans_endophyticus_DSM_45627	dha,gln__L,o2,so4,ura
comm_17_769	complete	mro	Lacunisphaera_limnophila_IG16b	4abz,cit,glyc,no3,o2,so4,thm,thym
comm_17_769	complete	mro	Luteimonas_mephitis_DSM_12574	3mb,his__L,lys__L,nmn,o2,rib__D,so4,val__L
comm_17_769	complete	mro	Micromonospora_rosaria_DSM_803	asp__L,chols,met__L,o2
comm_17_769	complete	mro	Niabella_ginsenosidivorans_BS26	adn,arab__L,asn__L,o2,pro__L,so4,thm
comm_17_769	complete	mro	Pseudonocardia_acaciae_DSM_45401	glyald,no3,so4
comm_17_769	complete	mro	Reyranella_massiliensis_521	dxyl,glyc3p,nh4,o2,so4
comm_17_769	complete	mro	Rhizobium_leguminosarum_OV483	asn__L,fe3dcit,o2,so4
comm_17_769	complete	mro	Solirubrobacter_soli_DSM_22325	glyald,h2s,nh4,o2,so4
comm_17_769	complete	mro	Terracidiphilus_gabretensis_S55	cit,cytd,glyc3p,o2,skm,so4
comm_17_770	complete	mip	ni	4abz,akg,ala_B,arg__L,asn__L,bz,chols,cit,dad_2,dxyl,fru,gln__L,glyc3p,lys__L,met__L,nmn,no,no3,o2,so4,thm,thym,ura,xyl__D
comm_17_770	complete	mip	i	chols,dad_2,dxyl,fru,gln__L,glyc3p,met__L,nmn,o2,so4,thm,ura,xyl__D
comm_17_770	complete	mro	community	acald,chols,csn,dxyl,fru,gln__L,met__L,nmn,no3,o2,so4,thm,tre
comm_17_770	complete	mro	Aquincola_tertiaricarbonis_MIMtkpLc11	glyc,nh4,nmn,o2,so4
comm_17_770	complete	mro	Arthrobacter_enclensis_NIO_1008	asn__L,cit,so4
comm_17_770	complete	mro	Azohydromonas_australica_DSM_1124	acald,nh4,o2,so4
comm_17_770	complete	mro	Bacillus_circulans_NBRC_13626	glyc3p,no2,o2,so4
comm_17_770	complete	mro	Bradyrhizobium_erythrophlei_GAS401	cit,nmn,no2,so4
comm_17_770	complete	mro	Bradyrhizobium_neotropicale_BR_10247	dha,dxyl,nh4,so4,thym
comm_17_770	complete	mro	Jatrophihabitans_endophyticus_DSM_45627	csn,gln__L,glyald,o2,so4
comm_17_770	complete	mro	Lacunisphaera_limnophila_IG16b	4abz,cit,glyc,no3,o2,so4,thm,thymd
comm_17_770	complete	mro	Massilia_timonae_NEU	fru,nh4,o2,pnto__R,so4
comm_17_770	complete	mro	Niabella_ginsenosidivorans_BS26	adn,asn__L,glc__D,o2,pro__L,so4,thm
comm_17_770	complete	mro	Niabella_soli_DSM_19437_JS13_8_DSM_19437	asn__L,chols,cit,o2,rib__D,thm
comm_17_770	complete	mro	Nitrospira_japonica	cit,met__L,nh4,o2,so4,tol
comm_17_770	complete	mro	Parafilimonas_terrae_DSM_28286	cit,no2,so4,thm
comm_17_770	complete	mro	Rugamonas_rubra_ATCC_43154	fru,h2s,nh4,o2,so4
comm_17_770	complete	mro	Steroidobacter_denitrificans_DSM_18526	glyc3p,lys__L,o2,so4,thm
comm_17_770	complete	mro	Variovorax_paradoxus_EPS	acald,no2,so4
comm_17_770	complete	mro	Xylophilus_ampelinus_CCH5_B3	asn__L,citr__L,csn,glyc3p,h2s,o2,so4
comm_17_771	complete	mip	ni	4abz,5mtr,acald,adn,ala_B,asn__L,bz,cit,dha,dxyl,fru,glc__D,glyald,ile__L,leu__L,lys__L,met__L,nmn,no,no2,no3,o2,orn,ribflv,so4,thm,thr__L,thym,tmao,val__L
comm_17_771	complete	mip	i	asn__L,cit,dha,dxyl,fru,glc__D,glyald,nmn,no3,o2,ribflv,so4,thm,thym,tmao
comm_17_771	complete	mro	community	asn__L,cit,dextrin,dxyl,fru,nmn,no3,o2,ribflv,so4,thm,thym,tmao
comm_17_771	complete	mro	Arenimonas_oryziterrae_DSM_21050_YC6267	cit,lys__L,nmn,o2,orn,pnto__R,so4
comm_17_771	complete	mro	Arthrobacter_enclensis_NIO_1008	asn__L,cit,so4
comm_17_771	complete	mro	Chthoniobacter_flavus_Ellin428	5mtr,nh4,o2,so4,xtsn
comm_17_771	complete	mro	Devosia_insulae_DS_56	asn__L,dxyl,met__L,o2,ribflv,so4,thm
comm_17_771	complete	mro	Hyalangium_minutum_DSM_14724	cit,ile__L,leu__L,o2,so4,thr__L
comm_17_771	complete	mro	Lacunisphaera_limnophila_IG16b	4abz,cit,glyc,no3,o2,so4,thm,thym
comm_17_771	complete	mro	Lysobacter_dokdonensis_DS_58	cit,leu__L,man6p,o2,so4,thr__L,tmao,val__L
comm_17_771	complete	mro	Massilia_timonae_NEU	o2,pnto__R,pro__L,so4
comm_17_771	complete	mro	Mesorhizobium_ciceri_ca181	dha,dxyl,o2,so4,thr__L
comm_17_771	complete	mro	Methylibium_petroleiphilum_PM1	acald,nh4,o2,so4
comm_17_771	complete	mro	Mycobacterium_moriokaense_CIP105393	cit,glyald,nh4,o2,so4
comm_17_771	complete	mro	Ohtaekwangia_koreensis_DSM_25262	cit,no2,o2,so4,thm
comm_17_771	complete	mro	Pseudomonas_fluorescens_F113	acald,nh4,o2,so4
comm_17_771	complete	mro	Pseudorhodoplanes_sinuspersici_RIPI110	cit,nh4,o2,so4
comm_17_771	complete	mro	Rugamonas_rubra_ATCC_43154	glyclt,nh4,o2,so4
comm_17_771	complete	mro	Solirubrobacter_soli_DSM_22325	dha,no3,o2,so4
comm_17_771	complete	mro	Variovorax_paradoxus_EPS	acald,nh4,o2,so4
comm_17_772	complete	mip	ni	3mb,acald,ala_B,asn__L,bz,cit,cytd,dxyl,etoh,fe3dcit,fru,glyald,glyc3p,ile__L,lys__L,met__L,nh4,nmn,no2,no3,o2,orn,ribflv,sbt__D,skm,so4,thm,thr__L,thym
comm_17_772	complete	mip	i	acald,asn__L,bz,dxyl,fe3dcit,fru,glyald,glyc3p,met__L,nmn,no2,no3,o2,orn,ribflv,sbt__D,so4,thm,thym
comm_17_772	complete	mro	community	asn__L,dxyl,fe3dcit,fru,glyald,met__L,nmn,no2,no3,o2,ribflv,so4,thm,thym,tol,tre
comm_17_772	complete	mro	Acidovorax_soli_DSM_25157	cit,nh4,o2,so4
comm_17_772	complete	mro	Arenimonas_oryziterrae_DSM_21050_YC6267	arg__L,cit,lys__L,nmn,o2,pnto__R,so4
comm_17_772	complete	mro	Bacillus_circulans_NBRC_13626	glyc,nh4,o2,so4
comm_17_772	complete	mro	Bradyrhizobium_neotropicale_BR_10247	dha,dxyl,nh4,so4,thym
comm_17_772	complete	mro	Chryseolinea_serpens_DSM_24574	glyc3p,no2,o2,so4,thm
comm_17_772	complete	mro	Devosia_insulae_DS_56	asn__L,dxyl,glyc3p,his__L,met__L,o2,ribflv,so4,thm
comm_17_772	complete	mro	Edaphobacter_aggregans_DSM_19364	o2,so4,uri
comm_17_772	complete	mro	Hyalangium_minutum_DSM_14724	cit,ile__L,leu__L,o2,so4,thr__L
comm_17_772	complete	mro	Massilia_timonae_NEU	glyc,nh4,o2,pnto__R,so4
comm_17_772	complete	mro	Methylibium_petroleiphilum_PM1	acald,nh4,o2,so4
comm_17_772	complete	mro	Nitrospira_japonica	cit,met__L,nh4,o2,so4,tol
comm_17_772	complete	mro	Phenylobacterium_immobile_ATCC_35973_strain_E	bz,cit,nh4,o2,so4
comm_17_772	complete	mro	Pseudorhodoplanes_sinuspersici_RIPI110	cit,etoh,nh4,o2,so4
comm_17_772	complete	mro	Rhizobacter_gummiphilus_NS21	acald,nh4,o2,so4
comm_17_772	complete	mro	Rhizobium_leguminosarum_OV483	asn__L,fe3dcit,glyc3p,o2,so4
comm_17_772	complete	mro	Steroidobacter_denitrificans_DSM_18526	fum,lys__L,o2,so4,thm
comm_17_772	complete	mro	Terracidiphilus_gabretensis_S55	cit,cytd,glyc3p,o2,skm,so4
comm_17_773	complete	mip	ni	3mb,4abz,acald,ala_B,arg__L,asn__L,bz,cit,csn,dha,dxyl,fru,glc__D,gln__L,glu__D,glyald,glyc,ile__L,lys__L,nmn,no,no2,no3,o2,so4,thm,thr__L,thym
comm_17_773	complete	mip	i	3mb,cit,dxyl,fru,glc__D,gln__L,glu__D,glyald,ile__L,nmn,no3,o2,so4,thm,thym
comm_17_773	complete	mro	community	3mb,cit,dxyl,fru,gln__L,glu__D,glyald,ile__L,nmn,no3,o2,so4,thm,thym,xyl__D
comm_17_773	complete	mro	Arenimonas_oryziterrae_DSM_21050_YC6267	cit,lys__L,nmn,o2,orn,pnto__R,so4
comm_17_773	complete	mro	Azohydromonas_australica_DSM_1124	acald,nh4,o2,so4
comm_17_773	complete	mro	Dactylosporangium_aurantiacum_NRRL_B_8018	acald,glu__D,nh4,o2,so4
comm_17_773	complete	mro	Edaphobacter_aggregans_DSM_19364	nh4,o2,so4,xyl__D
comm_17_773	complete	mro	Geobacter_bemidjiensis_Bem	lac__L,nh4,o2,so4
comm_17_773	complete	mro	Hyalangium_minutum_DSM_14724	3mb,cit,ile__L,o2,so4,thr__L
comm_17_773	complete	mro	Jatrophihabitans_endophyticus_DSM_45627	gln__L,glyc3p,o2,so4,ura
comm_17_773	complete	mro	Lacunisphaera_limnophila_IG16b	4abz,cit,glyc,nh4,o2,so4,thm,thym
comm_17_773	complete	mro	Massilia_timonae_NEU	glyc,nh4,o2,pnto__R,so4
comm_17_773	complete	mro	Methylibium_petroleiphilum_PM1	etha,o2,so4
comm_17_773	complete	mro	Pelobacter_propionicus_DSM_2379	etoh,nh4,o2,so4
comm_17_773	complete	mro	Pseudonocardia_acaciae_DSM_45401	acald,no3,o2,so4
comm_17_773	complete	mro	Pseudonocardia_oroxyli_CGMCC_4_3143	12ppd__S,no2,o2,so4
comm_17_773	complete	mro	Pseudorhodoplanes_sinuspersici_RIPI110	cit,nh4,o2,so4
comm_17_773	complete	mro	Reyranella_massiliensis_521	dxyl,glyc3p,nh4,o2,so4
comm_17_773	complete	mro	Rhizobacter_gummiphilus_NS21	acald,nh4,o2,so4
comm_17_773	complete	mro	Xylophilus_ampelinus_CCH5_B3	arg__L,asn__L,o2,so4,ura
comm_17_774	complete	mip	ni	4abz,akg,ala_B,arg__L,asn__L,bz,chols,cit,csn,dad_2,dxyl,fru,gln__L,glyc3p,lys__L,met__L,nmn,no,no2,no3,o2,so4,thm,thym,xyl__D
comm_17_774	complete	mip	i	chols,dxyl,fru,gln__L,glyc3p,met__L,nmn,no3,o2,so4,thm,xyl__D
comm_17_774	complete	mro	community	Larab,chols,dxyl,gln__L,met__L,nmn,no2,no3,o2,so4,thm
comm_17_774	complete	mro	Aquincola_tertiaricarbonis_MIMtkpLc11	nmn,o2,ptrc,so4
comm_17_774	complete	mro	Arthrobacter_enclensis_NIO_1008	asn__L,cit,so4
comm_17_774	complete	mro	Bradyrhizobium_neotropicale_BR_10247	dha,dxyl,o2,so4,thym
comm_17_774	complete	mro	Edaphobacter_aggregans_DSM_19364	arab__L,nh4,o2,so4
comm_17_774	complete	mro	Jatrophihabitans_endophyticus_DSM_45627	dha,gln__L,o2,so4,ura
comm_17_774	complete	mro	Lacunisphaera_limnophila_IG16b	4abz,cit,glyc,nh4,o2,so4,thm,thym
comm_17_774	complete	mro	Massilia_timonae_NEU	o2,pnto__R,pro__L,so4
comm_17_774	complete	mro	Micromonospora_rosaria_DSM_803	asp__L,chols,met__L,o2
comm_17_774	complete	mro	Niabella_ginsenosidivorans_BS26	adn,arab__L,asn__L,o2,pro__L,so4,thm
comm_17_774	complete	mro	Niabella_soli_DSM_19437_JS13_8_DSM_19437	arab__L,asn__L,chols,cit,o2,thm
comm_17_774	complete	mro	Nitrospira_japonica	cit,met__L,nh4,o2,so4,tol
comm_17_774	complete	mro	Parafilimonas_terrae_DSM_28286	cit,no2,so4,thm
comm_17_774	complete	mro	Pseudomonas_fuscovaginae_LMG_2158	coa,h2s,nmn,o2,ptrc,so4
comm_17_774	complete	mro	Rugamonas_rubra_ATCC_43154	glyc,no3,so4
comm_17_774	complete	mro	Steroidobacter_denitrificans_DSM_18526	glyc3p,h2s,lys__L,o2,so4,thm
comm_17_774	complete	mro	Variovorax_paradoxus_EPS	acald,no3,so4
comm_17_774	complete	mro	Xylophilus_ampelinus_CCH5_B3	arg__L,asn__L,citr__L,o2,so4,ura
comm_17_775	complete	mip	ni	3mb,4abz,5mtr,adn,ala_B,asn__L,bz,bzal,cellb,chols,cit,cytd,dxyl,fe3dcit,glc__D,gln__L,glu__D,glyc,his__L,ile__L,lys__L,met__L,nmn,no2,no3,o2,orn,ribflv,skm,so4,thm,thr__L,thym,ura,val__L
comm_17_775	complete	mip	i	3mb,cellb,chols,dxyl,fe3dcit,glc__D,gln__L,glu__D,glyc,met__L,nmn,no2,no3,o2,ribflv,so4,thm,val__L
comm_17_775	complete	mro	community	3mb,cellb,chols,dxyl,fe3dcit,gln__L,glu__D,glyald,glycogen,met__L,nmn,no3,o2,ribflv,so4,thm,val__L
comm_17_775	complete	mro	Acidovorax_konjaci_DSM_7481	gly,o2,so4
comm_17_775	complete	mro	Arenimonas_oryziterrae_DSM_21050_YC6267	cit,lys__L,nmn,o2,orn,pnto__R,so4
comm_17_775	complete	mro	Bradyrhizobium_neotropicale_BR_10247	dxyl,glyc,nh4,so4,thym
comm_17_775	complete	mro	Chthoniobacter_flavus_Ellin428	5mtr,adn,o2,so4
comm_17_775	complete	mro	Dactylosporangium_aurantiacum_NRRL_B_8018	glu__D,glyald,nh4,o2,so4
comm_17_775	complete	mro	Devosia_insulae_DS_56	asn__L,dxyl,met__L,o2,ribflv,so4,thm
comm_17_775	complete	mro	Geobacter_bemidjiensis_Bem	glyclt,nh4,o2,so4
comm_17_775	complete	mro	Hyalangium_minutum_DSM_14724	3mb,cit,ile__L,o2,so4,thr__L
comm_17_775	complete	mro	Jatrophihabitans_endophyticus_DSM_45627	gln__L,glyald,o2,so4,ura
comm_17_775	complete	mro	Lacunisphaera_limnophila_IG16b	4abz,cit,glyc,nh4,o2,so4,thm,thym
comm_17_775	complete	mro	Luteimonas_mephitis_DSM_12574	3mb,his__L,lys__L,nmn,o2,rib__D,so4,val__L
comm_17_775	complete	mro	Micromonospora_rosaria_DSM_803	asp__L,chols,met__L,o2
comm_17_775	complete	mro	Niabella_ginsenosidivorans_BS26	5dglcn,adn,asn__L,his__L,o2,so4,thm
comm_17_775	complete	mro	Pseudonocardia_acaciae_DSM_45401	glyald,no3,so4
comm_17_775	complete	mro	Reyranella_massiliensis_521	dxyl,glyc3p,nh4,o2,so4
comm_17_775	complete	mro	Rhizobium_leguminosarum_OV483	asn__L,fe3dcit,o2,so4
comm_17_775	complete	mro	Terracidiphilus_gabretensis_S55	cit,cytd,glyald,o2,skm,so4
comm_17_776	complete	mip	ni	5mtr,adn,ala_B,arg__L,asn__L,bz,cit,csn,dha,fru,gln__L,glu__D,glyald,met__L,nmn,no2,no3,o2,sbt__D,so4,thm
comm_17_776	complete	mip	i	cit,csn,dha,fru,gln__L,glu__D,glyald,met__L,nmn,o2,sbt__D,so4,thm
comm_17_776	complete	mro	community	cellb,cit,csn,gln__L,glu__D,glyald,met__L,nmn,no3,o2,so4,thm
comm_17_776	complete	mro	Acidovorax_konjaci_DSM_7481	glyc3p,nh4,o2,so4
comm_17_776	complete	mro	Acidovorax_soli_DSM_25157	cit,nh4,o2,so4
comm_17_776	complete	mro	Aquincola_tertiaricarbonis_MIMtkpLc11	nmn,o2,ptrc,so4
comm_17_776	complete	mro	Arthrobacter_enclensis_NIO_1008	asn__L,cit,so4
comm_17_776	complete	mro	Chthoniobacter_flavus_Ellin428	5mtr,nh4,o2,so4,xtsn
comm_17_776	complete	mro	Dactylosporangium_aurantiacum_NRRL_B_8018	glu__D,glyald,nh4,o2,so4
comm_17_776	complete	mro	Edaphobacter_aggregans_DSM_19364	glc__D,nh4,o2,so4
comm_17_776	complete	mro	Jatrophihabitans_endophyticus_DSM_45627	csn,gln__L,glyald,o2,so4
comm_17_776	complete	mro	Massilia_timonae_NEU	o2,pnto__R,pro__L,so4
comm_17_776	complete	mro	Methylocapsa_palsarum_NE2	asn__L,cit,nh4,o2,so4
comm_17_776	complete	mro	Nitrospira_japonica	cit,met__L,nh4,o2,so4,tol
comm_17_776	complete	mro	Parafilimonas_terrae_DSM_28286	cit,no2,so4,thm
comm_17_776	complete	mro	Phenylobacterium_immobile_ATCC_35973_strain_E	acald,cit,no3,o2,so4
comm_17_776	complete	mro	Pseudonocardia_oroxyli_CGMCC_4_3143	glyald,no2,o2,so4
comm_17_776	complete	mro	Rugamonas_rubra_ATCC_43154	nh4,o2,pyr,so4
comm_17_776	complete	mro	Variovorax_paradoxus_EPS	acald,nh4,o2,so4
comm_17_776	complete	mro	Xylophilus_ampelinus_CCH5_B3	asn__L,citr__L,csn,o2,so4
comm_17_777	complete	mip	ni	3mb,akg,ala_B,arg__L,asn__L,bz,cit,csn,dad_2,dxyl,fru,glc__D,glyald,ile__L,met__L,no3,o2,ribflv,so4,thm,thr__L,uaagmda
comm_17_777	complete	mip	i	cit,dad_2,dxyl,fru,glc__D,met__L,no3,o2,ribflv,so4,thm
comm_17_777	complete	mro	community	cellb,cit,dxyl,glyald,met__L,nh4,no3,o2,pep,ribflv,so4,thm
comm_17_777	complete	mro	Acidovorax_soli_DSM_25157	cit,nh4,o2,so4
comm_17_777	complete	mro	Bacillus_mycoides_ATCC_6462	o2,pep,so4,uaagmda
comm_17_777	complete	mro	Devosia_insulae_DS_56	asn__L,dxyl,his__L,met__L,o2,ribflv,so4,thm
comm_17_777	complete	mro	Edaphobacter_aggregans_DSM_19364	cytd,o2,so4
comm_17_777	complete	mro	Flavobacterium_succinicans_LMG_10402	cit,no2,so4
comm_17_777	complete	mro	Hyalangium_minutum_DSM_14724	cit,ile__L,leu__L,o2,so4,thr__L
comm_17_777	complete	mro	Massilia_timonae_NEU	g3pe,glyc,nh4,o2,pnto__R,so4
comm_17_777	complete	mro	Methylibium_petroleiphilum_PM1	acald,nh4,o2,so4
comm_17_777	complete	mro	Methylocapsa_palsarum_NE2	asn__L,cit,no2,o2,so4
comm_17_777	complete	mro	Niabella_ginsenosidivorans_BS26	asn__L,glc__D,his__L,ins,o2,so4,thm
comm_17_777	complete	mro	Nitrospira_japonica	cit,met__L,nh4,o2,so4,tol
comm_17_777	complete	mro	Parafilimonas_terrae_DSM_28286	cit,no2,o2,so4,thm
comm_17_777	complete	mro	Pseudonocardia_acaciae_DSM_45401	acald,no3,so4
comm_17_777	complete	mro	Pseudorhodoplanes_sinuspersici_RIPI110	cit,nh4,o2,so4
comm_17_777	complete	mro	Simplicispira_psychrophila_DSM_11588	acald,nh4,o2,so4
comm_17_777	complete	mro	Solirubrobacter_soli_DSM_22325	glyclt,nh4,o2,so4
comm_17_777	complete	mro	Xylophilus_ampelinus_CCH5_B3	arg__L,asn__L,o2,pnto__R,so4
comm_17_778	complete	mip	ni	5mtr,acald,adn,akg,ala_B,arg__L,asn__L,bz,cit,csn,dxyl,fru,lys__L,met__L,nmn,no2,no3,o2,ribflv,sbt__D,so4,thm,thym,thymd,uaagmda
comm_17_778	complete	mip	i	acald,adn,dxyl,fru,met__L,nmn,no2,no3,o2,ribflv,sbt__D,so4,thm,thym
comm_17_778	complete	mro	community	dextrin,dxyl,glc__D,glyald,met__L,nmn,no2,no3,o2,ribflv,so4,thm,thym
comm_17_778	complete	mro	Arenimonas_oryziterrae_DSM_21050_YC6267	cit,lys__L,nmn,o2,orn,pnto__R,so4
comm_17_778	complete	mro	Bacillus_mycoides_ATCC_6462	glyclt,o2,so4,uaagmda
comm_17_778	complete	mro	Bradyrhizobium_neotropicale_BR_10247	dxyl,glyc3p,nh4,so4,thym
comm_17_778	complete	mro	Chthoniobacter_flavus_Ellin428	5mtr,nh4,o2,so4,xtsn
comm_17_778	complete	mro	Devosia_insulae_DS_56	asn__L,dxyl,his__L,met__L,o2,ribflv,so4,thm
comm_17_778	complete	mro	Massilia_timonae_NEU	g3pg,nh4,o2,pnto__R,so4
comm_17_778	complete	mro	Niabella_ginsenosidivorans_BS26	asn__L,glc__D,his__L,o2,so4,thm,thymd
comm_17_778	complete	mro	Nitrospira_japonica	cit,met__L,nh4,o2,so4,tol
comm_17_778	complete	mro	Parafilimonas_terrae_DSM_28286	cit,no2,so4,thm
comm_17_778	complete	mro	Phenylobacterium_immobile_ATCC_35973_strain_E	cit,etoh,nh4,o2,so4
comm_17_778	complete	mro	Pseudonocardia_acaciae_DSM_45401	acald,no3,so4
comm_17_778	complete	mro	Rhizobacter_gummiphilus_NS21	acald,no3,o2,so4
comm_17_778	complete	mro	Rugamonas_rubra_ATCC_43154	glyc,nh4,o2,so4
comm_17_778	complete	mro	Solirubrobacter_soli_DSM_22325	o2,ptrc,so4
comm_17_778	complete	mro	Streptomyces_griseoruber_NRRL_B_1818	acald,nh4,o2,so4
comm_17_778	complete	mro	Turneriella_parva_DSM_21527	cit,o2,so4,thymd
comm_17_778	complete	mro	Xylophilus_ampelinus_CCH5_B3	arg__L,asn__L,o2,so4,ura
comm_17_779	complete	mip	ni	3mb,acald,ala_B,arg__L,asn__L,bz,cit,cytd,dxyl,fe3dcit,fru,gln__L,glyald,glyc3p,ile__L,lys__L,met__L,nmn,no2,no3,o2,ribflv,sbt__D,skm,so4,thm,thr__L,thym,ura
comm_17_779	complete	mip	i	acald,bz,dxyl,fe3dcit,fru,gln__L,glyald,glyc3p,met__L,nmn,no2,no3,o2,ribflv,sbt__D,so4,thm,thym
comm_17_779	complete	mro	community	cellb,dxyl,fe3dcit,gln__L,glyald,glyc3p,met__L,nmn,no2,no3,o2,ribflv,so4,thm,thym,tol
comm_17_779	complete	mro	Acidovorax_soli_DSM_25157	cit,glyc3p,nh4,o2,so4
comm_17_779	complete	mro	Arenimonas_oryziterrae_DSM_21050_YC6267	cit,lys__L,nmn,o2,orn,pnto__R,so4
comm_17_779	complete	mro	Bradyrhizobium_neotropicale_BR_10247	dxyl,glyc3p,o2,so4,thym
comm_17_779	complete	mro	Chryseolinea_serpens_DSM_24574	glyc3p,nh4,o2,so4,thm
comm_17_779	complete	mro	Devosia_insulae_DS_56	asn__L,dxyl,meoh,met__L,o2,ribflv,so4,thm
comm_17_779	complete	mro	Hyalangium_minutum_DSM_14724	cit,ile__L,leu__L,o2,so4,thr__L
comm_17_779	complete	mro	Jatrophihabitans_endophyticus_DSM_45627	gln__L,glyald,o2,so4,ura
comm_17_779	complete	mro	Massilia_timonae_NEU	g3pe,glyc,o2,pnto__R,so4
comm_17_779	complete	mro	Methylibium_petroleiphilum_PM1	etha,o2,so4
comm_17_779	complete	mro	Nitrospira_japonica	cit,met__L,nh4,o2,so4
comm_17_779	complete	mro	Phenylobacterium_immobile_ATCC_35973_strain_E	cit,no2,o2,pyr,so4
comm_17_779	complete	mro	Pseudorhodoplanes_sinuspersici_RIPI110	cit,no2,o2,so4
comm_17_779	complete	mro	Rhizobacter_gummiphilus_NS21	acald,nh4,o2,so4
comm_17_779	complete	mro	Rhizobium_leguminosarum_OV483	asn__L,fe3dcit,o2,so4
comm_17_779	complete	mro	Steroidobacter_denitrificans_DSM_18526	glyc3p,lys__L,o2,so4,thm
comm_17_779	complete	mro	Terracidiphilus_gabretensis_S55	cit,cytd,glyc3p,o2,skm,so4
comm_17_779	complete	mro	Variovorax_paradoxus_EPS	acald,no2,so4
comm_17_780	complete	mip	ni	3mb,4abz,5mtr,adn,ala_B,asn__L,bz,cellb,chols,cit,csn,cytd,dxyl,fe3dcit,fru,gln__L,glu__D,glyald,his__L,ile__L,lys__L,met__L,nmn,no2,no3,o2,orn,ribflv,skm,so4,thm,thr__L,thym,val__L
comm_17_780	complete	mip	i	3mb,cellb,chols,dxyl,fe3dcit,fru,gln__L,glu__D,glyald,met__L,nmn,no3,o2,ribflv,so4,thm,val__L
comm_17_780	complete	mro	community	3mb,chols,dxyl,fe3dcit,gln__L,glu__D,glyald,glycogen,met__L,nmn,no3,o2,ribflv,so4,thm,tre,val__L
comm_17_780	complete	mro	Arenimonas_oryziterrae_DSM_21050_YC6267	arg__L,cit,h2s,lys__L,nmn,o2,pnto__R,so4
comm_17_780	complete	mro	Azohydromonas_australica_DSM_1124	acald,nh4,o2,so4
comm_17_780	complete	mro	Bradyrhizobium_neotropicale_BR_10247	dxyl,glyc,h2s,o2,so4,thym
comm_17_780	complete	mro	Chthoniobacter_flavus_Ellin428	5mtr,nh4,o2,so4,xtsn
comm_17_780	complete	mro	Dactylosporangium_aurantiacum_NRRL_B_8018	acald,glu__D,glyc3p,nh4,o2,so4
comm_17_780	complete	mro	Devosia_insulae_DS_56	asn__L,dxyl,his__L,met__L,o2,ribflv,so4,thm
comm_17_780	complete	mro	Geobacter_bemidjiensis_Bem	glyc,nh4,o2,so4
comm_17_780	complete	mro	Hyalangium_minutum_DSM_14724	3mb,cit,ile__L,o2,so4,thr__L
comm_17_780	complete	mro	Jatrophihabitans_endophyticus_DSM_45627	gln__L,glyald,o2,so4,ura
comm_17_780	complete	mro	Lacunisphaera_limnophila_IG16b	4abz,asp__L,chols,cit,o2,thm,thym
comm_17_780	complete	mro	Luteimonas_mephitis_DSM_12574	3mb,his__L,lys__L,nmn,o2,rib__D,so4,val__L
comm_17_780	complete	mro	Micromonospora_rosaria_DSM_803	asp__L,chols,met__L,o2
comm_17_780	complete	mro	Niabella_ginsenosidivorans_BS26	adn,asn__L,his__L,o2,so4,thm,tre
comm_17_780	complete	mro	Pseudonocardia_acaciae_DSM_45401	acald,no3,so4
comm_17_780	complete	mro	Reyranella_massiliensis_521	dxyl,glyc3p,nh4,o2,so4
comm_17_780	complete	mro	Rhizobium_leguminosarum_OV483	asn__L,fe3dcit,o2,so4
comm_17_780	complete	mro	Terracidiphilus_gabretensis_S55	cit,cytd,glyc3p,o2,skm,so4
comm_17_781	complete	mip	ni	3mb,5mtr,adn,ala_B,asn__L,bz,cit,dha,dxyl,fru,glc__D,glyald,ile__L,lys__L,met__L,nmn,no,no2,no3,o2,orn,ribflv,so4,thm,thr__L,thym,uaagmda
comm_17_781	complete	mip	i	asn__L,dha,dxyl,fru,glc__D,glyald,met__L,nmn,no3,o2,ribflv,so4,thm,thym
comm_17_781	complete	mro	community	cellb,dxyl,fru,met__L,nmn,no2,no3,o2,ribflv,so4,thm,thym
comm_17_781	complete	mro	Acidovorax_soli_DSM_25157	cit,nh4,o2,so4
comm_17_781	complete	mro	Arenimonas_oryziterrae_DSM_21050_YC6267	arg__L,cit,lys__L,nmn,o2,pnto__R,so4
comm_17_781	complete	mro	Arthrobacter_enclensis_NIO_1008	asn__L,cit,so4
comm_17_781	complete	mro	Bacillus_mycoides_ATCC_6462	glyclt,o2,so4,uaagmda
comm_17_781	complete	mro	Bradyrhizobium_neotropicale_BR_10247	dxyl,glyc3p,o2,so4,thym
comm_17_781	complete	mro	Chthoniobacter_flavus_Ellin428	5mtr,nh4,o2,so4,xtsn
comm_17_781	complete	mro	Devosia_insulae_DS_56	asn__L,dxyl,met__L,o2,ribflv,so4,thm
comm_17_781	complete	mro	Flavobacterium_succinicans_LMG_10402	cit,nh4,o2,so4
comm_17_781	complete	mro	Hyalangium_minutum_DSM_14724	cit,ile__L,leu__L,o2,so4,thr__L
comm_17_781	complete	mro	Massilia_timonae_NEU	o2,pnto__R,pro__L,so4
comm_17_781	complete	mro	Niabella_ginsenosidivorans_BS26	asn__L,glcn,his__L,o2,so4,thm,xtsn
comm_17_781	complete	mro	Pseudomonas_fuscovaginae_LMG_2158	coa,glyc3p,o2,so4,tyr__L
comm_17_781	complete	mro	Pseudonocardia_oroxyli_CGMCC_4_3143	no2,o2,pyr,so4
comm_17_781	complete	mro	Rhizobacter_gummiphilus_NS21	acald,nh4,o2,so4
comm_17_781	complete	mro	Rugamonas_rubra_ATCC_43154	glyc,nh4,o2,so4
comm_17_781	complete	mro	Solirubrobacter_soli_DSM_22325	o2,ptrc,so4
comm_17_781	complete	mro	Sphingomonas_melonis_TY	adn,cit,dxyl,nh4,o2,so4
comm_17_782	complete	mip	ni	3mb,5mtr,adn,ala_B,asn__L,bz,cit,dxyl,fru,galur,glc__D,ile__L,lys__L,met__L,nmn,no,no2,no3,o2,orn,ribflv,so4,thm,thr__L,thym,uaagmda
comm_17_782	complete	mip	i	adn,dxyl,fru,glc__D,met__L,nmn,no2,no3,o2,ribflv,so4,thm,thym
comm_17_782	complete	mro	community	adn,dxyl,fru,glc__D,met__L,nmn,no2,no3,o2,ribflv,so4,thm,thym
comm_17_782	complete	mro	Acidovorax_konjaci_DSM_7481	glyc,nh4,o2,so4
comm_17_782	complete	mro	Acidovorax_soli_DSM_25157	cit,nh4,o2,so4
comm_17_782	complete	mro	Arenimonas_oryziterrae_DSM_21050_YC6267	cit,lys__L,nmn,o2,orn,pnto__R,so4
comm_17_782	complete	mro	Arthrobacter_enclensis_NIO_1008	asn__L,cit,so4
comm_17_782	complete	mro	Bacillus_mycoides_ATCC_6462	glyclt,o2,so4,uaagmda
comm_17_782	complete	mro	Bradyrhizobium_neotropicale_BR_10247	dha,dxyl,o2,so4,thym
comm_17_782	complete	mro	Chthoniobacter_flavus_Ellin428	5mtr,nh4,o2,so4,xtsn
comm_17_782	complete	mro	Devosia_insulae_DS_56	asn__L,dxyl,his__L,met__L,o2,ribflv,so4,thm
comm_17_782	complete	mro	Hyalangium_minutum_DSM_14724	cit,ile__L,leu__L,o2,so4,thr__L
comm_17_782	complete	mro	Massilia_timonae_NEU	o2,pnto__R,pro__L,so4
comm_17_782	complete	mro	Niabella_ginsenosidivorans_BS26	asn__L,glc__D,o2,pro__L,so4,thm,xtsn
comm_17_782	complete	mro	Pseudomonas_fuscovaginae_LMG_2158	coa,o2,so4,tyr__L
comm_17_782	complete	mro	Pseudonocardia_oroxyli_CGMCC_4_3143	glyald,no2,o2,so4
comm_17_782	complete	mro	Rhizobacter_gummiphilus_NS21	acald,nh4,o2,so4
comm_17_782	complete	mro	Rugamonas_rubra_ATCC_43154	glc__D,nh4,o2,so4
comm_17_782	complete	mro	Solirubrobacter_soli_DSM_22325	glyald,nh4,o2,so4
comm_17_782	complete	mro	Sphingomonas_melonis_TY	adn,cit,dxyl,meoh,nh4,o2,so4
comm_17_783	complete	mip	ni	3mb,4abz,acald,ala_B,arg__L,asn__L,bz,cit,cytd,dextrin,dxyl,fe3dcit,fru,glyc3p,ile__L,lys__L,met__L,nmn,no2,no3,o2,ribflv,skm,so4,thm,thr__L,thym
comm_17_783	complete	mip	i	acald,asn__L,dextrin,dxyl,fe3dcit,fru,glyc3p,met__L,nmn,no3,o2,ribflv,so4,thm
comm_17_783	complete	mro	community	asn__L,dxyl,fe3dcit,fru,glyald,met__L,nmn,no,no2,no3,o2,ribflv,so4,thm,tre
comm_17_783	complete	mro	Acidovorax_soli_DSM_25157	cit,no3,o2,so4
comm_17_783	complete	mro	Arenimonas_oryziterrae_DSM_21050_YC6267	cit,lys__L,nmn,o2,orn,pnto__R,so4
comm_17_783	complete	mro	Bradyrhizobium_neotropicale_BR_10247	dxyl,glyc3p,nh4,o2,so4,thym
comm_17_783	complete	mro	Chryseolinea_serpens_DSM_24574	glyc3p,nh4,o2,so4,thm
comm_17_783	complete	mro	Devosia_insulae_DS_56	asn__L,dxyl,met__L,o2,ribflv,so4,thm
comm_17_783	complete	mro	Hyalangium_minutum_DSM_14724	cit,ile__L,leu__L,no,o2,so4,thr__L
comm_17_783	complete	mro	Lacunisphaera_limnophila_IG16b	4abz,cit,glyc,gua,o2,so4,thm,thymd
comm_17_783	complete	mro	Massilia_timonae_NEU	glyc,no,o2,pnto__R,so4
comm_17_783	complete	mro	Methylibium_petroleiphilum_PM1	etoh,no2,o2,so4
comm_17_783	complete	mro	Nitrospira_japonica	cit,met__L,nh4,o2,so4,tol
comm_17_783	complete	mro	Phenylobacterium_immobile_ATCC_35973_strain_E	acald,cit,nh4,o2,so4
comm_17_783	complete	mro	Pseudorhodoplanes_sinuspersici_RIPI110	cit,no,o2,so4
comm_17_783	complete	mro	Rhizobacter_gummiphilus_NS21	acald,no3,so4
comm_17_783	complete	mro	Rhizobium_leguminosarum_OV483	asn__L,etoh,fe3dcit,o2,so4
comm_17_783	complete	mro	Steroidobacter_denitrificans_DSM_18526	glyc3p,lys__L,o2,so4,thm
comm_17_783	complete	mro	Terracidiphilus_gabretensis_S55	cit,cytd,glyc3p,o2,skm,so4
comm_17_783	complete	mro	Variovorax_paradoxus_EPS	acald,nh4,o2,so4
comm_17_784	complete	mip	ni	acald,adn,akg,ala_B,asn__L,bz,cit,dxyl,fe3dcit,fru,lys__L,met__L,nh4,nmn,no,no2,no3,o2,ribflv,so4,thm,thr__L,tre,uaagmda
comm_17_784	complete	mip	i	adn,cit,dxyl,fe3dcit,met__L,nmn,no2,no3,o2,ribflv,so4,thm,tre,uaagmda
comm_17_784	complete	mro	community	23camp,cit,dxyl,fe3dcit,nmn,no3,o2,ribflv,so4,thm,tre,uaagmda
comm_17_784	complete	mro	Acidovorax_soli_DSM_25157	cit,nh4,o2,so4
comm_17_784	complete	mro	Aquincola_tertiaricarbonis_MIMtkpLc11	nmn,o2,ptrc,so4
comm_17_784	complete	mro	Arthrobacter_enclensis_NIO_1008	asn__L,cit,so4
comm_17_784	complete	mro	Bacillus_mycoides_ATCC_6462	glyc,o2,so4,uaagmda
comm_17_784	complete	mro	Devosia_insulae_DS_56	23camp,asn__L,dxyl,g3pe,his__L,o2,ribflv,so4,thm
comm_17_784	complete	mro	Massilia_timonae_NEU	g3pe,o2,pnto__R,so4
comm_17_784	complete	mro	Mesorhizobium_ciceri_ca181	dha,dxyl,o2,so4,thr__L
comm_17_784	complete	mro	Niabella_ginsenosidivorans_BS26	adn,asn__L,glcn,his__L,o2,so4,thm
comm_17_784	complete	mro	Parafilimonas_terrae_DSM_28286	cit,no2,so4,thm
comm_17_784	complete	mro	Phenylobacterium_immobile_ATCC_35973_strain_E	cit,o2,ser__D,so4
comm_17_784	complete	mro	Pseudomonas_fluorescens_F113	meoh,nh4,o2,so4
comm_17_784	complete	mro	Pseudonocardia_oroxyli_CGMCC_4_3143	glyald,no2,o2,so4
comm_17_784	complete	mro	Rhizobacter_gummiphilus_NS21	acald,nh4,o2,so4
comm_17_784	complete	mro	Rhizobium_leguminosarum_OV483	23camp,asn__L,fe3dcit,glyc3p,meoh,o2,so4
comm_17_784	complete	mro	Rugamonas_rubra_ATCC_43154	etha,glyc,o2,so4
comm_17_784	complete	mro	Sphingomonas_melonis_TY	adn,cit,dxyl,nh4,o2,so4
comm_17_784	complete	mro	Steroidobacter_denitrificans_DSM_18526	fum,lys__L,o2,so4,thm
comm_17_785	complete	mip	ni	5mtr,adn,ala_B,asn__L,bz,cit,dha,dxyl,fru,lys__L,met__L,nh4,nmn,no2,no3,o2,orn,ribflv,so4,thm,thr__L,tre,uaagmda
comm_17_785	complete	mip	i	adn,cit,dxyl,met__L,nmn,no2,no3,o2,ribflv,so4,thm,tre
comm_17_785	complete	mro	community	adn,cit,dxyl,met__L,nmn,no2,no3,o2,ribflv,so4,thm,tre
comm_17_785	complete	mro	Acidovorax_soli_DSM_25157	cit,nh4,o2,so4
comm_17_785	complete	mro	Aquincola_tertiaricarbonis_MIMtkpLc11	nmn,o2,ptrc,so4
comm_17_785	complete	mro	Arenimonas_oryziterrae_DSM_21050_YC6267	cit,lys__L,nmn,o2,orn,pnto__R,so4
comm_17_785	complete	mro	Arthrobacter_enclensis_NIO_1008	asn__L,cit,so4
comm_17_785	complete	mro	Bacillus_mycoides_ATCC_6462	glyc,o2,so4,uaagmda
comm_17_785	complete	mro	Chthoniobacter_flavus_Ellin428	5mtr,adn,o2,so4
comm_17_785	complete	mro	Devosia_insulae_DS_56	asn__L,dxyl,his__L,met__L,o2,ribflv,so4,thm
comm_17_785	complete	mro	Massilia_timonae_NEU	ala__L,o2,pnto__R,so4
comm_17_785	complete	mro	Mesorhizobium_ciceri_ca181	dha,dxyl,o2,so4,thr__L
comm_17_785	complete	mro	Niabella_ginsenosidivorans_BS26	asn__L,glc__D,o2,pro__L,so4,thm,xtsn
comm_17_785	complete	mro	Parafilimonas_terrae_DSM_28286	cit,no2,so4,thm
comm_17_785	complete	mro	Phenylobacterium_immobile_ATCC_35973_strain_E	acald,cit,no2,o2,so4
comm_17_785	complete	mro	Pseudomonas_fluorescens_F113	meoh,nh4,o2,so4
comm_17_785	complete	mro	Pseudonocardia_oroxyli_CGMCC_4_3143	glyald,no2,o2,so4
comm_17_785	complete	mro	Rhizobacter_gummiphilus_NS21	acald,nh4,o2,so4
comm_17_785	complete	mro	Sphingomonas_melonis_TY	adn,cit,dxyl,nh4,o2,so4
comm_17_785	complete	mro	Steroidobacter_denitrificans_DSM_18526	glyc3p,lys__L,o2,so4,thm
comm_17_786	complete	mip	ni	3mb,4abz,acald,ala_B,arg__L,asn__L,bz,cit,csn,dha,dxyl,fru,gln__L,glu__D,ile__L,lys__L,nmn,no,no2,no3,o2,so4,thm,thr__L,thym,tre,uaagmda
comm_17_786	complete	mip	i	cit,dxyl,fru,gln__L,glu__D,nmn,no,o2,so4,thm,thym,tre
comm_17_786	complete	mro	community	cellb,cit,dxyl,gln__L,glu__D,glyald,nmn,no3,o2,so4,thm,thym
comm_17_786	complete	mro	Aquincola_tertiaricarbonis_MIMtkpLc11	nmn,o2,ptrc,so4
comm_17_786	complete	mro	Arenimonas_oryziterrae_DSM_21050_YC6267	cit,lys__L,nmn,o2,orn,pnto__R,so4
comm_17_786	complete	mro	Azohydromonas_australica_DSM_1124	acald,nh4,o2,so4
comm_17_786	complete	mro	Bacillus_mycoides_ATCC_6462	glyclt,o2,so4,uaagmda
comm_17_786	complete	mro	Dactylosporangium_aurantiacum_NRRL_B_8018	glu__D,glyald,nh4,o2,so4
comm_17_786	complete	mro	Geobacter_bemidjiensis_Bem	glyc,nh4,o2,so4
comm_17_786	complete	mro	Hyalangium_minutum_DSM_14724	cit,ile__L,leu__L,o2,so4,thr__L
comm_17_786	complete	mro	Jatrophihabitans_endophyticus_DSM_45627	dha,gln__L,o2,so4,ura
comm_17_786	complete	mro	Lacunisphaera_limnophila_IG16b	4abz,cit,glyc,no3,o2,so4,thm,thym
comm_17_786	complete	mro	Massilia_timonae_NEU	glyc,nh4,o2,pnto__R,so4
comm_17_786	complete	mro	Methylibium_petroleiphilum_PM1	etha,o2,so4
comm_17_786	complete	mro	Pelobacter_propionicus_DSM_2379	acald,no3,o2,so4
comm_17_786	complete	mro	Pseudonocardia_acaciae_DSM_45401	glyald,no3,so4
comm_17_786	complete	mro	Pseudonocardia_oroxyli_CGMCC_4_3143	12ppd__S,no2,o2,so4
comm_17_786	complete	mro	Reyranella_massiliensis_521	dxyl,glyc3p,nh4,o2,so4
comm_17_786	complete	mro	Rhizobacter_gummiphilus_NS21	acald,nh4,o2,so4
comm_17_786	complete	mro	Xylophilus_ampelinus_CCH5_B3	asn__L,citr__L,glyc3p,o2,so4,ura
comm_17_787	complete	mip	ni	3mb,acald,ala_B,arg__L,asn__L,bz,cit,cytd,dxyl,fe3dcit,fru,glyald,glyc3p,ile__L,lys__L,met__L,nmn,no2,no3,o2,ribflv,sbt__D,skm,so4,thm,thr__L,thym
comm_17_787	complete	mip	i	acald,arg__L,dxyl,fe3dcit,fru,glyald,glyc3p,met__L,nmn,no3,o2,ribflv,sbt__D,so4,thm,thym
comm_17_787	complete	mro	community	dxyl,fe3dcit,fru,met__L,nmn,no2,no3,o2,ribflv,so4,thm,thym,tre,xylu__L
comm_17_787	complete	mro	Acidovorax_soli_DSM_25157	cit,glyc3p,nh4,o2,so4
comm_17_787	complete	mro	Arenimonas_oryziterrae_DSM_21050_YC6267	cit,lys__L,nmn,o2,orn,pnto__R,so4
comm_17_787	complete	mro	Bacillus_circulans_NBRC_13626	glyc3p,nh4,o2,so4
comm_17_787	complete	mro	Bradyrhizobium_neotropicale_BR_10247	dxyl,glyc3p,nh4,o2,so4,thym
comm_17_787	complete	mro	Chryseolinea_serpens_DSM_24574	glyc3p,nh4,o2,so4,thm
comm_17_787	complete	mro	Devosia_insulae_DS_56	asn__L,dxyl,meoh,met__L,o2,ribflv,so4,thm
comm_17_787	complete	mro	Hyalangium_minutum_DSM_14724	cit,ile__L,leu__L,o2,so4,thr__L
comm_17_787	complete	mro	Massilia_timonae_NEU	glyc,nh4,o2,pnto__R,so4
comm_17_787	complete	mro	Methylibium_petroleiphilum_PM1	acald,nh4,o2,so4
comm_17_787	complete	mro	Nitrospira_japonica	cit,met__L,nh4,o2,so4,tol
comm_17_787	complete	mro	Phenylobacterium_immobile_ATCC_35973_strain_E	cit,o2,ser__D,so4
comm_17_787	complete	mro	Pseudonocardia_acaciae_DSM_45401	glyald,no3,so4
comm_17_787	complete	mro	Pseudorhodoplanes_sinuspersici_RIPI110	cit,nh4,o2,so4
comm_17_787	complete	mro	Rhizobacter_gummiphilus_NS21	etha,o2,so4
comm_17_787	complete	mro	Rhizobium_leguminosarum_OV483	asn__L,fe3dcit,o2,so4
comm_17_787	complete	mro	Steroidobacter_denitrificans_DSM_18526	fum,lys__L,o2,so4,thm
comm_17_787	complete	mro	Terracidiphilus_gabretensis_S55	cit,cytd,glyc3p,o2,skm,so4
comm_17_788	complete	mip	ni	3mb,5mtr,acald,adn,ala_B,arg__L,asn__L,bz,cit,csn,dha,dxyl,fe3dcit,fru,glc__D,glyald,ile__L,met__L,nh4,nmn,no,no2,no3,o2,ribflv,so4,thm,thr__L,thym
comm_17_788	complete	mip	i	3mb,adn,dha,dxyl,fe3dcit,fru,glc__D,ile__L,met__L,nmn,no,no3,o2,ribflv,so4,thm,thym
comm_17_788	complete	mro	community	23camp,3mb,dha,dxyl,fe3dcit,fru,glc__D,ile__L,nmn,no3,o2,ribflv,so4,thm,thym
comm_17_788	complete	mro	Acidovorax_soli_DSM_25157	cit,nh4,o2,so4
comm_17_788	complete	mro	Aquincola_tertiaricarbonis_MIMtkpLc11	ala__D,nmn,o2,so4
comm_17_788	complete	mro	Arthrobacter_enclensis_NIO_1008	asn__L,cit,so4
comm_17_788	complete	mro	Bradyrhizobium_neotropicale_BR_10247	dxyl,glyc3p,nh4,so4,thym
comm_17_788	complete	mro	Chthoniobacter_flavus_Ellin428	5mtr,adn,o2,so4
comm_17_788	complete	mro	Devosia_insulae_DS_56	3amp,asn__L,dxyl,o2,ribflv,so4,thm
comm_17_788	complete	mro	Hyalangium_minutum_DSM_14724	3mb,cit,ile__L,o2,so4,thr__L
comm_17_788	complete	mro	Massilia_timonae_NEU	glyc,nh4,o2,pnto__R,so4
comm_17_788	complete	mro	Pseudonocardia_oroxyli_CGMCC_4_3143	no2,o2,pyr,so4
comm_17_788	complete	mro	Rhizobacter_gummiphilus_NS21	acald,nh4,o2,so4
comm_17_788	complete	mro	Rhizobium_leguminosarum_OV483	23camp,asn__L,fe3dcit,glyc3p,meoh,o2,so4
comm_17_788	complete	mro	Rugamonas_rubra_ATCC_43154	glyc,nh4,o2,so4
comm_17_788	complete	mro	Solirubrobacter_soli_DSM_22325	glyald,nh4,o2,so4
comm_17_788	complete	mro	Sphingomonas_echinoides_ATCC_14820	cit,fe3dcit,glyc,nh4,o2,so4
comm_17_788	complete	mro	Sphingomonas_melonis_TY	adn,cit,dxyl,meoh,nh4,o2,so4
comm_17_788	complete	mro	Variovorax_paradoxus_EPS	acald,nh4,o2,so4
comm_17_788	complete	mro	Xylophilus_ampelinus_CCH5_B3	asn__L,citr__L,o2,pnto__R,so4
comm_17_789	complete	mip	ni	3mb,acald,ala_B,arg__L,asn__L,bz,cit,csn,dha,dxyl,fru,glc__D,gln__L,glu__D,glyald,his__L,lys__L,nmn,no2,no3,o2,so4,thm,val__L
comm_17_789	complete	mip	i	3mb,acald,cit,csn,dha,dxyl,fru,glc__D,gln__L,glu__D,nmn,no3,o2,so4,thm
comm_17_789	complete	mro	community	3mb,cit,dha,dxyl,fru,gln__L,glu__D,glycogen,nmn,no2,o2,so4,thm,ura
comm_17_789	complete	mro	Acidovorax_konjaci_DSM_7481	glyc,nh4,o2,so4
comm_17_789	complete	mro	Acidovorax_soli_DSM_25157	cit,nh4,o2,so4
comm_17_789	complete	mro	Aquincola_tertiaricarbonis_MIMtkpLc11	nmn,o2,ptrc,so4
comm_17_789	complete	mro	Arthrobacter_enclensis_NIO_1008	asn__L,cit,so4
comm_17_789	complete	mro	Dactylosporangium_aurantiacum_NRRL_B_8018	glu__D,glyald,nh4,o2,so4
comm_17_789	complete	mro	Flavobacterium_succinicans_LMG_10402	cit,no2,o2,so4
comm_17_789	complete	mro	Jatrophihabitans_endophyticus_DSM_45627	gln__L,glyald,o2,so4,ura
comm_17_789	complete	mro	Luteimonas_mephitis_DSM_12574	3mb,his__L,lys__L,o2,rib__D,rnam,so4,val__L
comm_17_789	complete	mro	Massilia_timonae_NEU	o2,pnto__R,pro__L,so4
comm_17_789	complete	mro	Parafilimonas_terrae_DSM_28286	cit,no2,so4,thm
comm_17_789	complete	mro	Phenylobacterium_immobile_ATCC_35973_strain_E	cit,nh4,o2,pyr,so4
comm_17_789	complete	mro	Pseudonocardia_oroxyli_CGMCC_4_3143	glyald,nh4,no2,o2,so4
comm_17_789	complete	mro	Pseudorhodoplanes_sinuspersici_RIPI110	cit,etoh,nh4,o2,so4
comm_17_789	complete	mro	Reyranella_massiliensis_521	dxyl,glyc3p,nh4,o2,so4
comm_17_789	complete	mro	Rugamonas_rubra_ATCC_43154	glyc,nh4,o2,so4
comm_17_789	complete	mro	Variovorax_paradoxus_EPS	o2,ptrc,so4
comm_17_789	complete	mro	Xylophilus_ampelinus_CCH5_B3	arg__L,asn__L,o2,so4,ura
comm_17_790	complete	mip	ni	3mb,4abz,ala_B,arg__L,asn__L,bz,cit,csn,dha,dxyl,fru,glc__D,gln__L,glu__D,glyald,ile__L,lys__L,nmn,no2,no3,o2,so4,thm,thr__L,thym,xyl__D
comm_17_790	complete	mip	i	3mb,cit,dxyl,fru,gln__L,glu__D,glyald,ile__L,nmn,no3,o2,so4,thm,thym,xyl__D
comm_17_790	complete	mro	community	3mb,arab__L,cit,dxyl,fru,gln__L,glu__D,glyald,ile__L,nmn,no3,o2,so4,thm,thym
comm_17_790	complete	mro	Arenimonas_oryziterrae_DSM_21050_YC6267	arg__L,cit,lys__L,nmn,o2,pnto__R,so4
comm_17_790	complete	mro	Arthrobacter_enclensis_NIO_1008	asn__L,cit,so4
comm_17_790	complete	mro	Azohydromonas_australica_DSM_1124	acald,nh4,o2,so4
comm_17_790	complete	mro	Dactylosporangium_aurantiacum_NRRL_B_8018	acald,glu__D,nh4,o2,so4
comm_17_790	complete	mro	Geobacter_bemidjiensis_Bem	nh4,o2,pyr,so4
comm_17_790	complete	mro	Hyalangium_minutum_DSM_14724	3mb,cit,ile__L,o2,so4,thr__L
comm_17_790	complete	mro	Jatrophihabitans_endophyticus_DSM_45627	gln__L,glyc3p,o2,so4,ura
comm_17_790	complete	mro	Lacunisphaera_limnophila_IG16b	4abz,cit,glyc,no3,o2,so4,thm,thym
comm_17_790	complete	mro	Massilia_timonae_NEU	o2,pnto__R,pro__L,so4
comm_17_790	complete	mro	Methylibium_petroleiphilum_PM1	glyc,nh4,o2,so4
comm_17_790	complete	mro	Pelobacter_propionicus_DSM_2379	etoh,nh4,o2,so4
comm_17_790	complete	mro	Pseudonocardia_acaciae_DSM_45401	acald,no3,so4
comm_17_790	complete	mro	Pseudonocardia_oroxyli_CGMCC_4_3143	dha,no2,o2,so4
comm_17_790	complete	mro	Pseudorhodoplanes_sinuspersici_RIPI110	acald,cit,nh4,o2,so4
comm_17_790	complete	mro	Reyranella_massiliensis_521	dxyl,glyc3p,nh4,o2,so4
comm_17_790	complete	mro	Rhizobacter_gummiphilus_NS21	acald,nh4,o2,so4
comm_17_790	complete	mro	Xylophilus_ampelinus_CCH5_B3	arg__L,asn__L,o2,so4,ura
comm_17_791	complete	mip	ni	3mb,acald,ala_B,arg__L,asn__L,bz,cit,csn,dha,dxyl,fru,gln__L,glu__D,glyald,his__L,lys__L,nmn,no2,no3,o2,so4,thm,val__L,xyl__D
comm_17_791	complete	mip	i	3mb,cit,csn,dha,dxyl,fru,gln__L,glu__D,glyald,nmn,no3,o2,so4,thm
comm_17_791	complete	mro	community	3mb,cellb,cit,csn,dxyl,gln__L,glu__D,nmn,no3,o2,so4,thm
comm_17_791	complete	mro	Acidovorax_konjaci_DSM_7481	gly,o2,so4
comm_17_791	complete	mro	Acidovorax_soli_DSM_25157	cit,no3,o2,so4
comm_17_791	complete	mro	Aquincola_tertiaricarbonis_MIMtkpLc11	glyc,nh4,nmn,o2,so4
comm_17_791	complete	mro	Arthrobacter_enclensis_NIO_1008	asn__L,cit,so4
comm_17_791	complete	mro	Dactylosporangium_aurantiacum_NRRL_B_8018	glu__D,glyald,nh4,o2,so4
comm_17_791	complete	mro	Jatrophihabitans_endophyticus_DSM_45627	csn,dha,gln__L,o2,so4
comm_17_791	complete	mro	Luteimonas_mephitis_DSM_12574	3mb,fum,his__L,lys__L,o2,rib__D,rnam,so4,val__L
comm_17_791	complete	mro	Massilia_timonae_NEU	g3pg,nh4,o2,pnto__R,so4
comm_17_791	complete	mro	Parafilimonas_terrae_DSM_28286	cit,no2,so4,thm
comm_17_791	complete	mro	Phenylobacterium_immobile_ATCC_35973_strain_E	acald,cit,nh4,o2,so4
comm_17_791	complete	mro	Pseudomonas_fluorescens_F113	glyc3p,o2,so4,urea
comm_17_791	complete	mro	Pseudonocardia_oroxyli_CGMCC_4_3143	dha,no2,o2,so4
comm_17_791	complete	mro	Pseudorhodoplanes_sinuspersici_RIPI110	cit,etoh,nh4,o2,so4
comm_17_791	complete	mro	Reyranella_massiliensis_521	dha,dxyl,nh4,o2,so4
comm_17_791	complete	mro	Rugamonas_rubra_ATCC_43154	o2,so4,tyr__L
comm_17_791	complete	mro	Variovorax_paradoxus_EPS	acald,nh4,o2,so4
comm_17_791	complete	mro	Xylophilus_ampelinus_CCH5_B3	arg__L,asn__L,csn,o2,so4
comm_17_792	complete	mip	ni	4abz,5mtr,acald,adn,ala_B,asn__L,bz,chols,cit,csn,dha,dxyl,fru,gln__L,lys__L,met__L,nh4,nmn,no2,no3,o2,so4,thm,thym,tre
comm_17_792	complete	mip	i	chols,cit,csn,dha,dxyl,fru,gln__L,met__L,nmn,no2,no3,o2,so4,thm,tre
comm_17_792	complete	mro	community	Larab,chols,cit,dxyl,gln__L,glyald,met__L,nmn,no,no3,o2,so4,thm,tton
comm_17_792	complete	mro	Acidovorax_konjaci_DSM_7481	o2,ser__D,so4
comm_17_792	complete	mro	Aquincola_tertiaricarbonis_MIMtkpLc11	glyc,nh4,nmn,o2,so4
comm_17_792	complete	mro	Arthrobacter_enclensis_NIO_1008	asn__L,cit,so4
comm_17_792	complete	mro	Chthoniobacter_flavus_Ellin428	5mtr,adn,o2,so4
comm_17_792	complete	mro	Geobacter_bemidjiensis_Bem	glyc,nh4,o2,so4
comm_17_792	complete	mro	Jatrophihabitans_endophyticus_DSM_45627	gln__L,o2,so4,tton
comm_17_792	complete	mro	Lacunisphaera_limnophila_IG16b	4abz,cit,glyc,h2s,no3,o2,so4,thm,thymd
comm_17_792	complete	mro	Massilia_timonae_NEU	glyc,no,o2,pnto__R,so4
comm_17_792	complete	mro	Micromonospora_rosaria_DSM_803	asp__L,chols,met__L,o2
comm_17_792	complete	mro	Niabella_soli_DSM_19437_JS13_8_DSM_19437	arab__L,asn__L,chols,cit,no,o2,thm
comm_17_792	complete	mro	Parafilimonas_terrae_DSM_28286	cit,no2,so4,thm
comm_17_792	complete	mro	Pseudonocardia_acaciae_DSM_45401	acald,no3,so4
comm_17_792	complete	mro	Reyranella_massiliensis_521	dxyl,glyc3p,nh4,o2,so4
comm_17_792	complete	mro	Rugamonas_rubra_ATCC_43154	glyc,h2s,nh4,o2,so4
comm_17_792	complete	mro	Simplicispira_psychrophila_DSM_11588	acald,nh4,o2,so4
comm_17_792	complete	mro	Steroidobacter_denitrificans_DSM_18526	glyc3p,h2s,lys__L,o2,so4,thm
comm_17_792	complete	mro	Variovorax_paradoxus_EPS	acald,no2,o2,so4
comm_17_793	complete	mip	ni	3mb,ala_B,asn__L,bz,chols,cit,dxyl,fru,glu__D,glyald,ile__L,lys__L,nh4,no3,o2,so4,thm,thr__L,tre,uaagmda,xyl__D
comm_17_793	complete	mip	i	chols,cit,dxyl,fru,glu__D,nh4,no3,o2,so4,thm,tre,xyl__D
comm_17_793	complete	mro	community	cellb,chols,cit,dxyl,g3pe,glu__D,glyald,no3,o2,so4,thm
comm_17_793	complete	mro	Azohydromonas_australica_DSM_1124	etoh,nh4,o2,so4
comm_17_793	complete	mro	Bacillus_mycoides_ATCC_6462	glyclt,o2,so4,uaagmda
comm_17_793	complete	mro	Dactylosporangium_aurantiacum_NRRL_B_8018	glu__D,o2,pro__L,so4
comm_17_793	complete	mro	Edaphobacter_aggregans_DSM_19364	glcn,nh4,o2,so4
comm_17_793	complete	mro	Flavobacterium_succinicans_LMG_10402	cit,no2,so4
comm_17_793	complete	mro	Geobacter_bemidjiensis_Bem	glyc,h2s,nh4,o2,so4
comm_17_793	complete	mro	Hyalangium_minutum_DSM_14724	cit,ile__L,leu__L,o2,so4,thr__L
comm_17_793	complete	mro	Massilia_timonae_NEU	lys__L,o2,pnto__R,so4
comm_17_793	complete	mro	Methylibium_petroleiphilum_PM1	acald,nh4,o2,so4
comm_17_793	complete	mro	Niabella_soli_DSM_19437_JS13_8_DSM_19437	asn__L,chols,cit,man1p,o2,thm
comm_17_793	complete	mro	Pseudorhodoplanes_sinuspersici_RIPI110	cit,nh4,o2,so4
comm_17_793	complete	mro	Reyranella_massiliensis_521	dxyl,glyc3p,nh4,o2,so4
comm_17_793	complete	mro	Rhizobacter_gummiphilus_NS21	glyc3p,nh4,o2,so4
comm_17_793	complete	mro	Rugamonas_rubra_ATCC_43154	o2,ptrc,so4
comm_17_793	complete	mro	Simplicispira_psychrophila_DSM_11588	o2,pro__L,so4
comm_17_793	complete	mro	Solirubrobacter_soli_DSM_22325	glyald,nh4,o2,so4
comm_17_793	complete	mro	Steroidobacter_denitrificans_DSM_18526	glyc3p,h2s,lys__L,o2,so4,thm
comm_17_794	complete	mip	ni	3mb,acald,ala_B,arg__L,asn__L,bz,chols,cit,csn,dxyl,fru,ile__L,lys__L,nh4,nmn,no3,o2,so4,thm,thr__L,tre,xyl__D
comm_17_794	complete	mip	i	asn__L,chols,cit,dxyl,nmn,no3,o2,so4,thm,tre,xyl__D
comm_17_794	complete	mro	community	asn__L,cellb,chols,cit,dxyl,glyald,nmn,no3,o2,so4,thm
comm_17_794	complete	mro	Acidovorax_konjaci_DSM_7481	gly,o2,so4
comm_17_794	complete	mro	Aquincola_tertiaricarbonis_MIMtkpLc11	nmn,o2,ptrc,so4
comm_17_794	complete	mro	Chryseolinea_serpens_DSM_24574	glyc3p,nh4,o2,so4,thm
comm_17_794	complete	mro	Hyalangium_minutum_DSM_14724	cit,ile__L,leu__L,o2,so4,thr__L
comm_17_794	complete	mro	Massilia_timonae_NEU	glyc,nh4,o2,pnto__R,so4
comm_17_794	complete	mro	Methylibium_petroleiphilum_PM1	acald,nh4,o2,so4
comm_17_794	complete	mro	Niabella_soli_DSM_19437_JS13_8_DSM_19437	asn__L,chols,cit,man1p,o2,thm
comm_17_794	complete	mro	Parafilimonas_terrae_DSM_28286	cit,no2,o2,so4,thm
comm_17_794	complete	mro	Pseudomonas_fluorescens_F113	h2s,o2,ptrc,so4
comm_17_794	complete	mro	Pseudorhodoplanes_sinuspersici_RIPI110	cit,nh4,o2,so4
comm_17_794	complete	mro	Reyranella_massiliensis_521	dxyl,glyc3p,nh4,o2,so4
comm_17_794	complete	mro	Rhizobacter_gummiphilus_NS21	acald,nh4,o2,so4
comm_17_794	complete	mro	Rhizobium_alamii_YR540	asn__L,o2,so4
comm_17_794	complete	mro	Rugamonas_rubra_ATCC_43154	o2,ptrc,so4
comm_17_794	complete	mro	Solirubrobacter_soli_DSM_22325	dha,h2s,nh4,o2,so4
comm_17_794	complete	mro	Steroidobacter_denitrificans_DSM_18526	fum,lys__L,o2,so4,thm
comm_17_794	complete	mro	Xylophilus_ampelinus_CCH5_B3	arg__L,asn__L,h2s,o2,pnto__R,so4
comm_17_795	complete	mip	ni	3mb,ala_B,arg__L,asn__L,bz,chols,cit,csn,dxyl,fru,ile__L,lys__L,nh4,nmn,no,no3,o2,so4,thm,thr__L,tre,xyl__D
comm_17_795	complete	mip	i	chols,cit,dxyl,fru,nh4,nmn,no3,o2,so4,thm,tre
comm_17_795	complete	mro	community	chols,cit,dxyl,glyald,nmn,no2,no3,o2,so4,thm,tre
comm_17_795	complete	mro	Aquincola_tertiaricarbonis_MIMtkpLc11	glyc,nh4,nmn,o2,so4
comm_17_795	complete	mro	Bacillus_circulans_NBRC_13626	glyc,nh4,o2,so4
comm_17_795	complete	mro	Hyalangium_minutum_DSM_14724	cit,ile__L,leu__L,o2,so4,thr__L
comm_17_795	complete	mro	Massilia_timonae_NEU	o2,phe__L,pnto__R,so4
comm_17_795	complete	mro	Methylibium_petroleiphilum_PM1	acald,nh4,o2,so4
comm_17_795	complete	mro	Niabella_soli_DSM_19437_JS13_8_DSM_19437	asn__L,chols,cit,o2,rib__D,thm
comm_17_795	complete	mro	Parafilimonas_terrae_DSM_28286	cit,no2,so4,thm
comm_17_795	complete	mro	Pseudomonas_fuscovaginae_LMG_2158	coa,h2s,nmn,o2,ptrc,so4
comm_17_795	complete	mro	Pseudonocardia_oroxyli_CGMCC_4_3143	12ppd__S,no2,o2,so4
comm_17_795	complete	mro	Pseudorhodoplanes_sinuspersici_RIPI110	cit,nh4,o2,so4
comm_17_795	complete	mro	Reyranella_massiliensis_521	dxyl,glyc3p,nh4,o2,so4
comm_17_795	complete	mro	Rhizobacter_gummiphilus_NS21	acald,nh4,o2,so4
comm_17_795	complete	mro	Rhizobium_alamii_YR540	asn__L,o2,so4
comm_17_795	complete	mro	Rugamonas_rubra_ATCC_43154	nh4,o2,pyr,so4
comm_17_795	complete	mro	Solirubrobacter_soli_DSM_22325	o2,ptrc,so4
comm_17_795	complete	mro	Steroidobacter_denitrificans_DSM_18526	fum,lys__L,o2,so4,thm
comm_17_795	complete	mro	Xylophilus_ampelinus_CCH5_B3	arg__L,asn__L,glyc3p,o2,so4,ura
comm_17_796	complete	mip	ni	3mb,acald,ala_B,asn__L,bz,cit,csn,cytd,dxyl,fe3dcit,fru,gln__L,glyald,glyc3p,ile__L,lys__L,met__L,nh4,nmn,no,no2,no3,o2,orn,ribflv,sbt__D,skm,so4,thm,thr__L,thym
comm_17_796	complete	mip	i	acald,bz,dxyl,fe3dcit,fru,gln__L,glyald,glyc3p,met__L,nmn,no2,no3,o2,ribflv,sbt__D,so4,thm,thym
comm_17_796	complete	mro	community	Larab,dxyl,fe3dcit,fru,gln__L,met__L,nmn,no2,no3,o2,ribflv,so4,thm,thym,tol
comm_17_796	complete	mro	Acidovorax_soli_DSM_25157	cit,no3,o2,so4
comm_17_796	complete	mro	Arenimonas_oryziterrae_DSM_21050_YC6267	cit,lys__L,nmn,o2,orn,pnto__R,so4
comm_17_796	complete	mro	Bacillus_circulans_NBRC_13626	glyc,nh4,no2,o2,so4
comm_17_796	complete	mro	Bradyrhizobium_neotropicale_BR_10247	dxyl,glyc3p,o2,so4,thym
comm_17_796	complete	mro	Chryseolinea_serpens_DSM_24574	glyc3p,no2,o2,so4,thm
comm_17_796	complete	mro	Devosia_insulae_DS_56	asn__L,dxyl,meoh,met__L,o2,ribflv,so4,thm
comm_17_796	complete	mro	Hyalangium_minutum_DSM_14724	cit,ile__L,leu__L,o2,so4,thr__L
comm_17_796	complete	mro	Jatrophihabitans_endophyticus_DSM_45627	dha,gln__L,o2,so4,ura
comm_17_796	complete	mro	Massilia_timonae_NEU	glyc,nh4,o2,pnto__R,so4
comm_17_796	complete	mro	Methylibium_petroleiphilum_PM1	etha,o2,so4
comm_17_796	complete	mro	Nitrospira_japonica	cit,met__L,nh4,o2,so4,tol
comm_17_796	complete	mro	Phenylobacterium_immobile_ATCC_35973_strain_E	cit,etoh,nh4,o2,so4
comm_17_796	complete	mro	Pseudorhodoplanes_sinuspersici_RIPI110	cit,no2,o2,so4
comm_17_796	complete	mro	Rhizobacter_gummiphilus_NS21	etha,o2,so4
comm_17_796	complete	mro	Rhizobium_leguminosarum_OV483	asn__L,fe3dcit,glyc3p,o2,so4
comm_17_796	complete	mro	Steroidobacter_denitrificans_DSM_18526	glyc3p,lys__L,o2,so4,thm
comm_17_796	complete	mro	Terracidiphilus_gabretensis_S55	cit,cytd,glyc3p,o2,skm,so4
comm_17_797	complete	mip	ni	3mb,4abz,asn__L,bz,chols,cit,csn,dxyl,fe3dcit,fru,gln__L,glyald,his__L,lys__L,nh4,no,no3,o2,rnam,so4,thm,thym,tre,val__L,xyl__D
comm_17_797	complete	mip	i	3mb,chols,csn,dxyl,fe3dcit,gln__L,no,no3,o2,rnam,so4,thm,tre,xyl__D
comm_17_797	complete	mro	community	3mb,chols,csn,dxyl,fe3dcit,g3pg,gln__L,no2,no3,o2,rnam,so4,thm,xyl__D
comm_17_797	complete	mro	Arthrobacter_enclensis_NIO_1008	asn__L,cit,glyc3p,so4
comm_17_797	complete	mro	Bacillus_circulans_NBRC_13626	glyc,nh4,o2,so4
comm_17_797	complete	mro	Bradyrhizobium_neotropicale_BR_10247	dxyl,glyc3p,nh4,so4,thym
comm_17_797	complete	mro	Edaphobacter_aggregans_DSM_19364	nh4,o2,so4,xyl__D
comm_17_797	complete	mro	Geobacter_bemidjiensis_Bem	glyc,nh4,o2,so4
comm_17_797	complete	mro	Jatrophihabitans_endophyticus_DSM_45627	csn,gln__L,glyc3p,o2,so4
comm_17_797	complete	mro	Lacunisphaera_limnophila_IG16b	4abz,chols,cit,glyc,no3,o2,thm,thymd
comm_17_797	complete	mro	Luteimonas_mephitis_DSM_12574	3mb,his__L,lys__L,man1p,o2,rnam,so4,val__L
comm_17_797	complete	mro	Methylibium_petroleiphilum_PM1	acald,nh4,o2,so4
comm_17_797	complete	mro	Niabella_soli_DSM_19437_JS13_8_DSM_19437	asn__L,chols,cit,o2,thm,xyl__D
comm_17_797	complete	mro	Pseudomonas_fluorescens_F113	o2,ptrc,so4
comm_17_797	complete	mro	Pseudonocardia_oroxyli_CGMCC_4_3143	glyald,no2,o2,so4
comm_17_797	complete	mro	Reyranella_massiliensis_521	dxyl,glyc3p,nh4,o2,so4
comm_17_797	complete	mro	Rhizobacter_gummiphilus_NS21	glyc3p,nh4,o2,so4
comm_17_797	complete	mro	Rhizobium_leguminosarum_OV483	asn__L,fe3dcit,o2,so4
comm_17_797	complete	mro	Simplicispira_psychrophila_DSM_11588	etoh,nh4,o2,so4
comm_17_797	complete	mro	Steroidobacter_denitrificans_DSM_18526	glyc3p,h2s,lys__L,o2,so4,thm
comm_17_798	complete	mip	ni	5mtr,acald,adn,arg__L,asn__L,bz,cit,csn,dxyl,fe3dcit,fru,gln__L,ile__L,leu__L,lys__L,met__L,nh4,nmn,no,no3,o2,ribflv,so4,thm,thr__L,tmao,tre,val__L
comm_17_798	complete	mip	i	adn,cit,dxyl,fe3dcit,gln__L,nmn,no3,o2,ribflv,so4,thm,tmao,tre
comm_17_798	complete	mro	community	adn,cellb,cit,dxyl,fe3dcit,gln__L,nmn,no3,o2,ribflv,so4,thm,tmao
comm_17_798	complete	mro	Aquincola_tertiaricarbonis_MIMtkpLc11	nmn,o2,ptrc,so4
comm_17_798	complete	mro	Arthrobacter_enclensis_NIO_1008	asn__L,cit,so4
comm_17_798	complete	mro	Bacillus_circulans_NBRC_13626	glyc,nh4,no2,o2,so4
comm_17_798	complete	mro	Chthoniobacter_flavus_Ellin428	5mtr,nh4,o2,so4,xtsn
comm_17_798	complete	mro	Devosia_insulae_DS_56	asn__L,dxyl,glyc3p,met__L,o2,ribflv,so4,thm
comm_17_798	complete	mro	Hyalangium_minutum_DSM_14724	cit,ile__L,leu__L,o2,so4,thr__L
comm_17_798	complete	mro	Jatrophihabitans_endophyticus_DSM_45627	dha,gln__L,o2,so4,ura
comm_17_798	complete	mro	Lysobacter_dokdonensis_DS_58	cit,glc__D,leu__L,o2,so4,thr__L,tmao,val__L
comm_17_798	complete	mro	Mycobacterium_moriokaense_CIP105393	cit,o2,ptrc,so4
comm_17_798	complete	mro	Pseudonocardia_acaciae_DSM_45401	acald,no3,o2,so4
comm_17_798	complete	mro	Rhizobium_leguminosarum_OV483	asn__L,fe3dcit,o2,so4
comm_17_798	complete	mro	Rugamonas_rubra_ATCC_43154	ade,o2,so4
comm_17_798	complete	mro	Sphingomonas_echinoides_ATCC_14820	cit,fe3dcit,glyc,nh4,o2,so4
comm_17_798	complete	mro	Sphingomonas_melonis_TY	adn,cit,dxyl,nh4,o2,so4
comm_17_798	complete	mro	Steroidobacter_denitrificans_DSM_18526	glyc3p,lys__L,o2,so4,thm
comm_17_798	complete	mro	Variovorax_paradoxus_EPS	acald,nh4,o2,so4
comm_17_798	complete	mro	Xylophilus_ampelinus_CCH5_B3	asn__L,citr__L,o2,so4,ura
comm_17_799	complete	mip	ni	3mb,4abz,5mtr,ala_B,arg__L,asn__L,bz,chols,cit,dxyl,fe3dcit,fru,gln__L,glu__D,his__L,ile__L,lys__L,met__L,nmn,no,no3,o2,raffin,ribflv,skm,so4,thm,thr__L,thymd,tol,tton,val__L,xtsn,xyl__D
comm_17_799	complete	mip	i	3mb,chols,cit,dxyl,fe3dcit,gln__L,glu__D,met__L,nmn,no,no3,o2,raffin,ribflv,so4,thm
comm_17_799	complete	mro	community	3mb,arab__L,chols,cit,dxyl,fe3dcit,fru,gln__L,glu__D,glycogen,met__L,nmn,no3,o2,ribflv,so4,thm
comm_17_799	complete	mro	Arenimonas_oryziterrae_DSM_21050_YC6267	cit,lys__L,nmn,o2,orn,pnto__R,so4
comm_17_799	complete	mro	Chthoniobacter_flavus_Ellin428	5mtr,adn,o2,so4
comm_17_799	complete	mro	Dactylosporangium_aurantiacum_NRRL_B_8018	acald,glu__D,nh4,o2,so4
comm_17_799	complete	mro	Devosia_insulae_DS_56	asn__L,dxyl,glyc3p,met__L,o2,ribflv,so4,thm
comm_17_799	complete	mro	Geobacter_bemidjiensis_Bem	nh4,o2,pyr,so4
comm_17_799	complete	mro	Hyalangium_minutum_DSM_14724	cit,glyc3p,h2s,ile__L,leu__L,no2,o2,so4,thr__L
comm_17_799	complete	mro	Jatrophihabitans_endophyticus_DSM_45627	gln__L,glyald,o2,so4,ura
comm_17_799	complete	mro	Lacunisphaera_limnophila_IG16b	4abz,cit,glyc,no3,o2,so4,thm,thym
comm_17_799	complete	mro	Luteimonas_mephitis_DSM_12574	3mb,fru,his__L,lys__L,o2,rnam,so4,val__L,xan
comm_17_799	complete	mro	Micromonospora_rosaria_DSM_803	asp__L,chols,met__L,o2
comm_17_799	complete	mro	Niabella_ginsenosidivorans_BS26	arab__L,asn__L,o2,pro__L,so4,thm,xtsn
comm_17_799	complete	mro	Nitrospira_japonica	cit,met__L,nh4,o2,so4,tol
comm_17_799	complete	mro	Pseudonocardia_acaciae_DSM_45401	acald,no3,so4
comm_17_799	complete	mro	Reyranella_massiliensis_521	dxyl,glyc3p,nh4,o2,so4
comm_17_799	complete	mro	Rhizobium_leguminosarum_OV483	asn__L,fe3dcit,o2,so4
comm_17_799	complete	mro	Solirubrobacter_soli_DSM_22325	glyald,nh4,o2,so4
comm_17_799	complete	mro	Terracidiphilus_gabretensis_S55	cit,cytd,glyc3p,o2,skm,so4
